inst/extdata/ex_data/align_ex.cnv
* Sea-Bird SBE19plus  Data File:
* FileName = C:\CTD\202101_162_L2\2021_07_05\2021_07_05_0003.hex
* Software version 2.8.0.119
* Temperature SN = 8102
* Conductivity SN = 8102
* System UpLoad Time = Jul 05 2021 18:31:48
* <ApplicationData>
* <Seaterm232>
# nquan = 5
# nvalues = 10711                       
# units = specified
# name 0 = timeS: Time, Elapsed [seconds]
# name 1 = tv290C: Temperature [ITS-90, deg C]
# name 2 = prdM: Pressure, Strain Gauge [db]
# name 3 = c0S/m: Conductivity [S/m]
# name 4 = flag:  0.000e+00
# span 0 =      0.000,   2677.500       
# span 1 =     0.1666,     8.8804       
# span 2 =     -0.294,     71.062       
# span 3 =   0.000106,   3.312038       
# span 4 = 0.0000e+00, 0.0000e+00       
# interval = seconds: 0.25
# start_time = Jul 05 2021 12:11:57 [Instrument's time stamp, header]
# bad_flag = -9.990e-29
*END*
[from data line 6572]
   1643.000     0.1799     70.882   2.719275 -9.990e-29
   1643.250     0.1799     70.884   2.719273 -9.990e-29
   1643.500     0.1799     70.885   2.719271 -9.990e-29
   1643.750     0.1799     70.887   2.719268 -9.990e-29
   1644.000     0.1799     70.889   2.719264 -9.990e-29
   1644.250     0.1798     70.891   2.719261 -9.990e-29
   1644.500     0.1798     70.893   2.719259 -9.990e-29
   1644.750     0.1797     70.894   2.719257 -9.990e-29
   1645.000     0.1797     70.896   2.719255 -9.990e-29
   1645.250     0.1796     70.898   2.719254 -9.990e-29
   1645.500     0.1796     70.899   2.719253 -9.990e-29
   1645.750     0.1796     70.900   2.719252 -9.990e-29
   1646.000     0.1795     70.901   2.719250 -9.990e-29
   1646.250     0.1795     70.902   2.719247 -9.990e-29
   1646.500     0.1795     70.903   2.719244 -9.990e-29
   1646.750     0.1795     70.904   2.719238 -9.990e-29
   1647.000     0.1795     70.904   2.719232 -9.990e-29
   1647.250     0.1794     70.905   2.719224 -9.990e-29
   1647.500     0.1794     70.906   2.719216 -9.990e-29
   1647.750     0.1793     70.907   2.719208 -9.990e-29
   1648.000     0.1793     70.907   2.719203 -9.990e-29
   1648.250     0.1792     70.908   2.719202 -9.990e-29
   1648.500     0.1791     70.910   2.719206 -9.990e-29
   1648.750     0.1791     70.911   2.719217 -9.990e-29
   1649.000     0.1792     70.912   2.719231 -9.990e-29
   1649.250     0.1792     70.913   2.719242 -9.990e-29
   1649.500     0.1793     70.913   2.719249 -9.990e-29
   1649.750     0.1793     70.912   2.719250 -9.990e-29
   1650.000     0.1794     70.912   2.719247 -9.990e-29
   1650.250     0.1794     70.911   2.719239 -9.990e-29
   1650.500     0.1794     70.909   2.719229 -9.990e-29
   1650.750     0.1794     70.908   2.719220 -9.990e-29
   1651.000     0.1793     70.906   2.719214 -9.990e-29
   1651.250     0.1793     70.905   2.719210 -9.990e-29
   1651.500     0.1792     70.904   2.719210 -9.990e-29
   1651.750     0.1792     70.903   2.719211 -9.990e-29
   1652.000     0.1792     70.902   2.719213 -9.990e-29
   1652.250     0.1791     70.901   2.719214 -9.990e-29
   1652.500     0.1791     70.900   2.719214 -9.990e-29
   1652.750     0.1791     70.899   2.719214 -9.990e-29
   1653.000     0.1791     70.898   2.719213 -9.990e-29
   1653.250     0.1791     70.896   2.719209 -9.990e-29
   1653.500     0.1791     70.895   2.719203 -9.990e-29
   1653.750     0.1790     70.894   2.719195 -9.990e-29
   1654.000     0.1790     70.893   2.719188 -9.990e-29
   1654.250     0.1789     70.893   2.719182 -9.990e-29
   1654.500     0.1789     70.892   2.719176 -9.990e-29
   1654.750     0.1788     70.892   2.719168 -9.990e-29
   1655.000     0.1787     70.892   2.719157 -9.990e-29
   1655.250     0.1786     70.893   2.719143 -9.990e-29
   1655.500     0.1785     70.893   2.719131 -9.990e-29
   1655.750     0.1784     70.894   2.719124 -9.990e-29
   1656.000     0.1784     70.895   2.719119 -9.990e-29
   1656.250     0.1783     70.896   2.719117 -9.990e-29
   1656.500     0.1782     70.897   2.719116 -9.990e-29
   1656.750     0.1782     70.897   2.719116 -9.990e-29
   1657.000     0.1782     70.897   2.719115 -9.990e-29
   1657.250     0.1782     70.897   2.719115 -9.990e-29
   1657.500     0.1782     70.896   2.719113 -9.990e-29
   1657.750     0.1782     70.895   2.719111 -9.990e-29
   1658.000     0.1781     70.893   2.719107 -9.990e-29
   1658.250     0.1781     70.891   2.719101 -9.990e-29
   1658.500     0.1780     70.888   2.719095 -9.990e-29
   1658.750     0.1780     70.885   2.719090 -9.990e-29
   1659.000     0.1779     70.882   2.719086 -9.990e-29
   1659.250     0.1778     70.880   2.719085 -9.990e-29
   1659.500     0.1777     70.879   2.719085 -9.990e-29
   1659.750     0.1776     70.879   2.719087 -9.990e-29
   1660.000     0.1776     70.880   2.719089 -9.990e-29
   1660.250     0.1775     70.881   2.719090 -9.990e-29
   1660.500     0.1775     70.884   2.719087 -9.990e-29
   1660.750     0.1775     70.887   2.719081 -9.990e-29
   1661.000     0.1774     70.891   2.719074 -9.990e-29
   1661.250     0.1774     70.895   2.719068 -9.990e-29
   1661.500     0.1774     70.899   2.719063 -9.990e-29
   1661.750     0.1773     70.902   2.719060 -9.990e-29
   1662.000     0.1773     70.905   2.719059 -9.990e-29
   1662.250     0.1773     70.908   2.719059 -9.990e-29
   1662.500     0.1773     70.910   2.719058 -9.990e-29
   1662.750     0.1773     70.912   2.719057 -9.990e-29
   1663.000     0.1773     70.914   2.719054 -9.990e-29
   1663.250     0.1773     70.915   2.719051 -9.990e-29
   1663.500     0.1773     70.917   2.719051 -9.990e-29
   1663.750     0.1773     70.919   2.719053 -9.990e-29
   1664.000     0.1772     70.920   2.719056 -9.990e-29
   1664.250     0.1772     70.922   2.719059 -9.990e-29
   1664.500     0.1772     70.924   2.719062 -9.990e-29
   1664.750     0.1772     70.927   2.719066 -9.990e-29
   1665.000     0.1773     70.930   2.719071 -9.990e-29
   1665.250     0.1773     70.933   2.719074 -9.990e-29
   1665.500     0.1773     70.937   2.719076 -9.990e-29
   1665.750     0.1773     70.940   2.719077 -9.990e-29
   1666.000     0.1773     70.944   2.719078 -9.990e-29
   1666.250     0.1773     70.947   2.719078 -9.990e-29
   1666.500     0.1773     70.949   2.719078 -9.990e-29
   1666.750     0.1773     70.951   2.719078 -9.990e-29
   1667.000     0.1773     70.953   2.719078 -9.990e-29
   1667.250     0.1773     70.954   2.719077 -9.990e-29
   1667.500     0.1773     70.955   2.719076 -9.990e-29
   1667.750     0.1774     70.955   2.719074 -9.990e-29
   1668.000     0.1774     70.954   2.719070 -9.990e-29
   1668.250     0.1774     70.953   2.719065 -9.990e-29
   1668.500     0.1773     70.951   2.719060 -9.990e-29
   1668.750     0.1773     70.949   2.719055 -9.990e-29
   1669.000     0.1772     70.947   2.719050 -9.990e-29
   1669.250     0.1772     70.945   2.719045 -9.990e-29
   1669.500     0.1771     70.943   2.719041 -9.990e-29
   1669.750     0.1771     70.941   2.719039 -9.990e-29
   1670.000     0.1770     70.939   2.719037 -9.990e-29
   1670.250     0.1770     70.938   2.719034 -9.990e-29
   1670.500     0.1769     70.936   2.719032 -9.990e-29
   1670.750     0.1769     70.934   2.719027 -9.990e-29
   1671.000     0.1768     70.932   2.719020 -9.990e-29
   1671.250     0.1768     70.930   2.719012 -9.990e-29
   1671.500     0.1768     70.927   2.719004 -9.990e-29
   1671.750     0.1767     70.925   2.718999 -9.990e-29
   1672.000     0.1766     70.922   2.718995 -9.990e-29
   1672.250     0.1766     70.920   2.718991 -9.990e-29
   1672.500     0.1766     70.918   2.718986 -9.990e-29
   1672.750     0.1766     70.917   2.718982 -9.990e-29
   1673.000     0.1766     70.916   2.718980 -9.990e-29
   1673.250     0.1765     70.916   2.718978 -9.990e-29
   1673.500     0.1765     70.916   2.718975 -9.990e-29
   1673.750     0.1765     70.917   2.718973 -9.990e-29
   1674.000     0.1765     70.917   2.718970 -9.990e-29
   1674.250     0.1765     70.918   2.718970 -9.990e-29
   1674.500     0.1764     70.919   2.718973 -9.990e-29
   1674.750     0.1764     70.920   2.718978 -9.990e-29
   1675.000     0.1764     70.920   2.718982 -9.990e-29
   1675.250     0.1764     70.920   2.718987 -9.990e-29
   1675.500     0.1765     70.920   2.718990 -9.990e-29
   1675.750     0.1765     70.920   2.718992 -9.990e-29
   1676.000     0.1765     70.919   2.718993 -9.990e-29
   1676.250     0.1765     70.918   2.718993 -9.990e-29
   1676.500     0.1765     70.918   2.718992 -9.990e-29
   1676.750     0.1765     70.917   2.718990 -9.990e-29
   1677.000     0.1765     70.917   2.718987 -9.990e-29
   1677.250     0.1765     70.916   2.718986 -9.990e-29
   1677.500     0.1765     70.916   2.718986 -9.990e-29
   1677.750     0.1764     70.917   2.718989 -9.990e-29
   1678.000     0.1764     70.917   2.718994 -9.990e-29
   1678.250     0.1765     70.918   2.719000 -9.990e-29
   1678.500     0.1765     70.919   2.719006 -9.990e-29
   1678.750     0.1765     70.920   2.719009 -9.990e-29
   1679.000     0.1766     70.922   2.719010 -9.990e-29
   1679.250     0.1766     70.923   2.719008 -9.990e-29
   1679.500     0.1766     70.924   2.719004 -9.990e-29
   1679.750     0.1766     70.926   2.719002 -9.990e-29
   1680.000     0.1766     70.928   2.719001 -9.990e-29
   1680.250     0.1766     70.931   2.719001 -9.990e-29
   1680.500     0.1766     70.933   2.719002 -9.990e-29
   1680.750     0.1766     70.936   2.719006 -9.990e-29
   1681.000     0.1766     70.939   2.719010 -9.990e-29
   1681.250     0.1766     70.942   2.719014 -9.990e-29
   1681.500     0.1766     70.944   2.719016 -9.990e-29
   1681.750     0.1766     70.947   2.719017 -9.990e-29
   1682.000     0.1767     70.949   2.719018 -9.990e-29
   1682.250     0.1767     70.951   2.719018 -9.990e-29
   1682.500     0.1767     70.953   2.719017 -9.990e-29
   1682.750     0.1766     70.955   2.719016 -9.990e-29
   1683.000     0.1766     70.957   2.719015 -9.990e-29
   1683.250     0.1766     70.958   2.719012 -9.990e-29
   1683.500     0.1766     70.960   2.719007 -9.990e-29
   1683.750     0.1766     70.961   2.719001 -9.990e-29
   1684.000     0.1765     70.963   2.718994 -9.990e-29
   1684.250     0.1765     70.964   2.718989 -9.990e-29
   1684.500     0.1764     70.966   2.718984 -9.990e-29
   1684.750     0.1764     70.967   2.718982 -9.990e-29
   1685.000     0.1763     70.968   2.718980 -9.990e-29
   1685.250     0.1763     70.968   2.718978 -9.990e-29
   1685.500     0.1762     70.969   2.718977 -9.990e-29
   1685.750     0.1762     70.968   2.718975 -9.990e-29
   1686.000     0.1762     70.968   2.718973 -9.990e-29
   1686.250     0.1762     70.967   2.718970 -9.990e-29
   1686.500     0.1762     70.965   2.718965 -9.990e-29
   1686.750     0.1762     70.964   2.718961 -9.990e-29
   1687.000     0.1762     70.961   2.718956 -9.990e-29
   1687.250     0.1763     70.959   2.718953 -9.990e-29
   1687.500     0.1763     70.956   2.718948 -9.990e-29
   1687.750     0.1762     70.954   2.718944 -9.990e-29
   1688.000     0.1762     70.951   2.718938 -9.990e-29
   1688.250     0.1761     70.949   2.718933 -9.990e-29
   1688.500     0.1761     70.946   2.718928 -9.990e-29
   1688.750     0.1761     70.943   2.718927 -9.990e-29
   1689.000     0.1761     70.941   2.718928 -9.990e-29
   1689.250     0.1760     70.938   2.718931 -9.990e-29
   1689.500     0.1760     70.935   2.718937 -9.990e-29
   1689.750     0.1760     70.931   2.718943 -9.990e-29
   1690.000     0.1760     70.927   2.718947 -9.990e-29
   1690.250     0.1760     70.922   2.718950 -9.990e-29
   1690.500     0.1760     70.917   2.718951 -9.990e-29
   1690.750     0.1760     70.912   2.718952 -9.990e-29
   1691.000     0.1760     70.907   2.718952 -9.990e-29
   1691.250     0.1761     70.902   2.718952 -9.990e-29
   1691.500     0.1761     70.897   2.718951 -9.990e-29
   1691.750     0.1761     70.894   2.718950 -9.990e-29
   1692.000     0.1761     70.890   2.718948 -9.990e-29
   1692.250     0.1761     70.888   2.718943 -9.990e-29
   1692.500     0.1760     70.885   2.718937 -9.990e-29
   1692.750     0.1760     70.884   2.718932 -9.990e-29
   1693.000     0.1759     70.882   2.718929 -9.990e-29
   1693.250     0.1759     70.881   2.718929 -9.990e-29
   1693.500     0.1758     70.881   2.718932 -9.990e-29
   1693.750     0.1758     70.880   2.718936 -9.990e-29
   1694.000     0.1758     70.880   2.718941 -9.990e-29
   1694.250     0.1758     70.879   2.718948 -9.990e-29
   1694.500     0.1758     70.879   2.718954 -9.990e-29
   1694.750     0.1758     70.879   2.718959 -9.990e-29
   1695.000     0.1758     70.880   2.718963 -9.990e-29
   1695.250     0.1759     70.880   2.718963 -9.990e-29
   1695.500     0.1759     70.881   2.718962 -9.990e-29
   1695.750     0.1759     70.881   2.718959 -9.990e-29
   1696.000     0.1759     70.883   2.718956 -9.990e-29
   1696.250     0.1759     70.884   2.718954 -9.990e-29
   1696.500     0.1759     70.886   2.718952 -9.990e-29
   1696.750     0.1758     70.887   2.718949 -9.990e-29
   1697.000     0.1758     70.889   2.718945 -9.990e-29
   1697.250     0.1758     70.891   2.718940 -9.990e-29
   1697.500     0.1757     70.893   2.718934 -9.990e-29
   1697.750     0.1757     70.895   2.718929 -9.990e-29
   1698.000     0.1756     70.897   2.718923 -9.990e-29
   1698.250     0.1756     70.900   2.718916 -9.990e-29
   1698.500     0.1755     70.902   2.718909 -9.990e-29
   1698.750     0.1755     70.905   2.718902 -9.990e-29
   1699.000     0.1754     70.907   2.718895 -9.990e-29
   1699.250     0.1754     70.909   2.718889 -9.990e-29
   1699.500     0.1753     70.911   2.718883 -9.990e-29
   1699.750     0.1752     70.913   2.718880 -9.990e-29
   1700.000     0.1752     70.914   2.718879 -9.990e-29
   1700.250     0.1751     70.915   2.718879 -9.990e-29
   1700.500     0.1751     70.916   2.718880 -9.990e-29
   1700.750     0.1751     70.917   2.718880 -9.990e-29
   1701.000     0.1751     70.918   2.718878 -9.990e-29
   1701.250     0.1751     70.919   2.718873 -9.990e-29
   1701.500     0.1750     70.919   2.718865 -9.990e-29
   1701.750     0.1750     70.919   2.718857 -9.990e-29
   1702.000     0.1750     70.919   2.718850 -9.990e-29
   1702.250     0.1749     70.918   2.718844 -9.990e-29
   1702.500     0.1748     70.918   2.718841 -9.990e-29
   1702.750     0.1748     70.917   2.718839 -9.990e-29
   1703.000     0.1748     70.917   2.718839 -9.990e-29
   1703.250     0.1748     70.916   2.718840 -9.990e-29
   1703.500     0.1747     70.915   2.718842 -9.990e-29
   1703.750     0.1747     70.913   2.718844 -9.990e-29
   1704.000     0.1747     70.912   2.718845 -9.990e-29
   1704.250     0.1747     70.911   2.718844 -9.990e-29
   1704.500     0.1747     70.910   2.718839 -9.990e-29
   1704.750     0.1747     70.909   2.718832 -9.990e-29
   1705.000     0.1746     70.909   2.718823 -9.990e-29
   1705.250     0.1746     70.909   2.718815 -9.990e-29
   1705.500     0.1745     70.909   2.718809 -9.990e-29
   1705.750     0.1744     70.909   2.718806 -9.990e-29
   1706.000     0.1744     70.910   2.718805 -9.990e-29
   1706.250     0.1743     70.910   2.718805 -9.990e-29
   1706.500     0.1743     70.911   2.718807 -9.990e-29
   1706.750     0.1743     70.912   2.718808 -9.990e-29
   1707.000     0.1743     70.913   2.718806 -9.990e-29
   1707.250     0.1743     70.914   2.718802 -9.990e-29
   1707.500     0.1743     70.915   2.718797 -9.990e-29
   1707.750     0.1743     70.916   2.718792 -9.990e-29
   1708.000     0.1743     70.917   2.718789 -9.990e-29
   1708.250     0.1742     70.918   2.718789 -9.990e-29
   1708.500     0.1742     70.918   2.718790 -9.990e-29
   1708.750     0.1742     70.919   2.718793 -9.990e-29
   1709.000     0.1742     70.920   2.718795 -9.990e-29
   1709.250     0.1742     70.920   2.718795 -9.990e-29
   1709.500     0.1742     70.921   2.718795 -9.990e-29
   1709.750     0.1742     70.921   2.718793 -9.990e-29
   1710.000     0.1742     70.922   2.718790 -9.990e-29
   1710.250     0.1742     70.923   2.718786 -9.990e-29
   1710.500     0.1742     70.924   2.718783 -9.990e-29
   1710.750     0.1742     70.925   2.718779 -9.990e-29
   1711.000     0.1741     70.927   2.718776 -9.990e-29
   1711.250     0.1741     70.928   2.718773 -9.990e-29
   1711.500     0.1741     70.929   2.718772 -9.990e-29
   1711.750     0.1741     70.929   2.718773 -9.990e-29
   1712.000     0.1741     70.929   2.718777 -9.990e-29
   1712.250     0.1742     70.928   2.718781 -9.990e-29
   1712.500     0.1742     70.925   2.718785 -9.990e-29
   1712.750     0.1742     70.922   2.718786 -9.990e-29
   1713.000     0.1743     70.919   2.718785 -9.990e-29
   1713.250     0.1743     70.915   2.718781 -9.990e-29
   1713.500     0.1743     70.912   2.718775 -9.990e-29
   1713.750     0.1742     70.908   2.718771 -9.990e-29
   1714.000     0.1742     70.905   2.718767 -9.990e-29
