inst/extdata/ex_data/align_ex.cnv
* Sea-Bird SBE19plus  Data File:
* FileName = C:\CTD\202101_162_L2\2021_07_05\2021_07_05_0003.hex
* Software version 2.8.0.119
* Temperature SN = 8102
* Conductivity SN = 8102
* System UpLoad Time = Jul 05 2021 18:31:48
* <ApplicationData>
* <Seaterm232>
# nquan = 5
# nvalues = 10711                       
# units = specified
# name 0 = timeS: Time, Elapsed [seconds]
# name 1 = tv290C: Temperature [ITS-90, deg C]
# name 2 = prdM: Pressure, Strain Gauge [db]
# name 3 = c0S/m: Conductivity [S/m]
# name 4 = flag:  0.000e+00
# span 0 =      0.000,   2677.500       
# span 1 =     0.1666,     8.8804       
# span 2 =     -0.294,     71.062       
# span 3 =   0.000106,   3.312038       
# span 4 = 0.0000e+00, 0.0000e+00       
# interval = seconds: 0.25
# start_time = Jul 05 2021 12:11:57 [Instrument's time stamp, header]
# bad_flag = -9.990e-29
*END*
[from data line 9143]
   2285.750     0.2045     70.693   2.720094 -9.990e-29
   2286.000     0.2047     70.692   2.720114 -9.990e-29
   2286.250     0.2049     70.691   2.720136 -9.990e-29
   2286.500     0.2051     70.689   2.720158 -9.990e-29
   2286.750     0.2055     70.687   2.720177 -9.990e-29
   2287.000     0.2058     70.684   2.720197 -9.990e-29
   2287.250     0.2061     70.680   2.720218 -9.990e-29
   2287.500     0.2065     70.676   2.720242 -9.990e-29
   2287.750     0.2068     70.672   2.720269 -9.990e-29
   2288.000     0.2072     70.669   2.720294 -9.990e-29
   2288.250     0.2076     70.667   2.720314 -9.990e-29
   2288.500     0.2080     70.664   2.720327 -9.990e-29
   2288.750     0.2083     70.662   2.720336 -9.990e-29
   2289.000     0.2086     70.661   2.720341 -9.990e-29
   2289.250     0.2088     70.660   2.720344 -9.990e-29
   2289.500     0.2089     70.658   2.720347 -9.990e-29
   2289.750     0.2089     70.657   2.720351 -9.990e-29
   2290.000     0.2090     70.655   2.720356 -9.990e-29
   2290.250     0.2090     70.653   2.720364 -9.990e-29
   2290.500     0.2091     70.650   2.720376 -9.990e-29
   2290.750     0.2092     70.648   2.720391 -9.990e-29
   2291.000     0.2094     70.646   2.720404 -9.990e-29
   2291.250     0.2096     70.643   2.720414 -9.990e-29
   2291.500     0.2097     70.641   2.720422 -9.990e-29
   2291.750     0.2099     70.639   2.720429 -9.990e-29
   2292.000     0.2101     70.638   2.720437 -9.990e-29
   2292.250     0.2102     70.637   2.720445 -9.990e-29
   2292.500     0.2104     70.635   2.720447 -9.990e-29
   2292.750     0.2105     70.634   2.720440 -9.990e-29
   2293.000     0.2105     70.632   2.720425 -9.990e-29
   2293.250     0.2105     70.629   2.720407 -9.990e-29
   2293.500     0.2103     70.626   2.720388 -9.990e-29
   2293.750     0.2101     70.623   2.720365 -9.990e-29
   2294.000     0.2098     70.620   2.720339 -9.990e-29
   2294.250     0.2095     70.617   2.720313 -9.990e-29
   2294.500     0.2091     70.613   2.720294 -9.990e-29
   2294.750     0.2087     70.609   2.720286 -9.990e-29
   2295.000     0.2084     70.605   2.720287 -9.990e-29
   2295.250     0.2083     70.600   2.720297 -9.990e-29
   2295.500     0.2082     70.596   2.720313 -9.990e-29
   2295.750     0.2082     70.591   2.720331 -9.990e-29
   2296.000     0.2084     70.587   2.720346 -9.990e-29
   2296.250     0.2086     70.584   2.720352 -9.990e-29
   2296.500     0.2087     70.580   2.720346 -9.990e-29
   2296.750     0.2087     70.577   2.720329 -9.990e-29
   2297.000     0.2087     70.573   2.720312 -9.990e-29
   2297.250     0.2085     70.570   2.720302 -9.990e-29
   2297.500     0.2083     70.568   2.720301 -9.990e-29
   2297.750     0.2082     70.566   2.720307 -9.990e-29
   2298.000     0.2082     70.564   2.720316 -9.990e-29
   2298.250     0.2083     70.562   2.720327 -9.990e-29
   2298.500     0.2085     70.561   2.720342 -9.990e-29
   2298.750     0.2087     70.559   2.720360 -9.990e-29
   2299.000     0.2089     70.557   2.720381 -9.990e-29
   2299.250     0.2091     70.554   2.720402 -9.990e-29
   2299.500     0.2094     70.551   2.720420 -9.990e-29
   2299.750     0.2097     70.547   2.720436 -9.990e-29
   2300.000     0.2100     70.544   2.720447 -9.990e-29
   2300.250     0.2103     70.541   2.720452 -9.990e-29
   2300.500     0.2104     70.538   2.720450 -9.990e-29
   2300.750     0.2105     70.536   2.720440 -9.990e-29
   2301.000     0.2105     70.535   2.720424 -9.990e-29
   2301.250     0.2104     70.533   2.720406 -9.990e-29
   2301.500     0.2102     70.532   2.720389 -9.990e-29
   2301.750     0.2100     70.531   2.720377 -9.990e-29
   2302.000     0.2098     70.531   2.720370 -9.990e-29
   2302.250     0.2096     70.530   2.720367 -9.990e-29
   2302.500     0.2095     70.530   2.720369 -9.990e-29
   2302.750     0.2094     70.530   2.720372 -9.990e-29
   2303.000     0.2093     70.529   2.720373 -9.990e-29
   2303.250     0.2093     70.529   2.720368 -9.990e-29
   2303.500     0.2092     70.528   2.720354 -9.990e-29
   2303.750     0.2092     70.528   2.720333 -9.990e-29
   2304.000     0.2091     70.527   2.720315 -9.990e-29
   2304.250     0.2089     70.525   2.720304 -9.990e-29
   2304.500     0.2088     70.525   2.720297 -9.990e-29
   2304.750     0.2088     70.524   2.720292 -9.990e-29
   2305.000     0.2087     70.524   2.720288 -9.990e-29
   2305.250     0.2086     70.524   2.720285 -9.990e-29
   2305.500     0.2085     70.524   2.720282 -9.990e-29
   2305.750     0.2084     70.524   2.720279 -9.990e-29
   2306.000     0.2083     70.525   2.720277 -9.990e-29
   2306.250     0.2082     70.525   2.720278 -9.990e-29
   2306.500     0.2082     70.526   2.720282 -9.990e-29
   2306.750     0.2081     70.526   2.720290 -9.990e-29
   2307.000     0.2082     70.527   2.720304 -9.990e-29
   2307.250     0.2083     70.526   2.720325 -9.990e-29
   2307.500     0.2085     70.526   2.720350 -9.990e-29
   2307.750     0.2087     70.526   2.720375 -9.990e-29
   2308.000     0.2090     70.526   2.720395 -9.990e-29
   2308.250     0.2094     70.526   2.720412 -9.990e-29
   2308.500     0.2097     70.525   2.720428 -9.990e-29
   2308.750     0.2099     70.525   2.720438 -9.990e-29
   2309.000     0.2102     70.524   2.720441 -9.990e-29
   2309.250     0.2103     70.523   2.720439 -9.990e-29
   2309.500     0.2104     70.522   2.720434 -9.990e-29
   2309.750     0.2104     70.520   2.720427 -9.990e-29
   2310.000     0.2104     70.518   2.720418 -9.990e-29
   2310.250     0.2103     70.515   2.720408 -9.990e-29
   2310.500     0.2102     70.512   2.720396 -9.990e-29
   2310.750     0.2101     70.509   2.720386 -9.990e-29
   2311.000     0.2099     70.505   2.720375 -9.990e-29
   2311.250     0.2098     70.502   2.720363 -9.990e-29
   2311.500     0.2096     70.497   2.720351 -9.990e-29
   2311.750     0.2094     70.493   2.720341 -9.990e-29
   2312.000     0.2093     70.489   2.720332 -9.990e-29
   2312.250     0.2091     70.485   2.720324 -9.990e-29
   2312.500     0.2090     70.482   2.720317 -9.990e-29
   2312.750     0.2088     70.479   2.720311 -9.990e-29
   2313.000     0.2087     70.475   2.720309 -9.990e-29
   2313.250     0.2086     70.472   2.720311 -9.990e-29
   2313.500     0.2086     70.469   2.720317 -9.990e-29
   2313.750     0.2086     70.465   2.720327 -9.990e-29
   2314.000     0.2087     70.461   2.720337 -9.990e-29
   2314.250     0.2088     70.457   2.720349 -9.990e-29
   2314.500     0.2090     70.453   2.720363 -9.990e-29
   2314.750     0.2092     70.449   2.720376 -9.990e-29
   2315.000     0.2094     70.444   2.720385 -9.990e-29
   2315.250     0.2096     70.439   2.720391 -9.990e-29
   2315.500     0.2098     70.435   2.720392 -9.990e-29
   2315.750     0.2099     70.431   2.720390 -9.990e-29
   2316.000     0.2099     70.427   2.720387 -9.990e-29
   2316.250     0.2099     70.423   2.720383 -9.990e-29
   2316.500     0.2098     70.420   2.720379 -9.990e-29
   2316.750     0.2097     70.416   2.720375 -9.990e-29
   2317.000     0.2096     70.413   2.720372 -9.990e-29
   2317.250     0.2096     70.410   2.720371 -9.990e-29
   2317.500     0.2095     70.407   2.720375 -9.990e-29
   2317.750     0.2095     70.403   2.720381 -9.990e-29
   2318.000     0.2095     70.399   2.720388 -9.990e-29
   2318.250     0.2096     70.395   2.720392 -9.990e-29
   2318.500     0.2096     70.391   2.720394 -9.990e-29
   2318.750     0.2097     70.386   2.720395 -9.990e-29
   2319.000     0.2097     70.381   2.720395 -9.990e-29
   2319.250     0.2098     70.376   2.720392 -9.990e-29
   2319.500     0.2098     70.370   2.720387 -9.990e-29
   2319.750     0.2098     70.365   2.720377 -9.990e-29
   2320.000     0.2097     70.360   2.720366 -9.990e-29
   2320.250     0.2096     70.356   2.720355 -9.990e-29
   2320.500     0.2095     70.352   2.720347 -9.990e-29
   2320.750     0.2093     70.349   2.720340 -9.990e-29
   2321.000     0.2092     70.346   2.720331 -9.990e-29
   2321.250     0.2091     70.344   2.720322 -9.990e-29
   2321.500     0.2090     70.342   2.720311 -9.990e-29
   2321.750     0.2088     70.340   2.720299 -9.990e-29
   2322.000     0.2087     70.338   2.720291 -9.990e-29
   2322.250     0.2085     70.336   2.720287 -9.990e-29
   2322.500     0.2084     70.333   2.720289 -9.990e-29
   2322.750     0.2084     70.330   2.720297 -9.990e-29
   2323.000     0.2084     70.327   2.720312 -9.990e-29
   2323.250     0.2085     70.323   2.720331 -9.990e-29
   2323.500     0.2087     70.319   2.720346 -9.990e-29
   2323.750     0.2088     70.315   2.720354 -9.990e-29
   2324.000     0.2090     70.310   2.720357 -9.990e-29
   2324.250     0.2091     70.304   2.720354 -9.990e-29
   2324.500     0.2092     70.298   2.720349 -9.990e-29
   2324.750     0.2092     70.292   2.720343 -9.990e-29
   2325.000     0.2092     70.285   2.720338 -9.990e-29
   2325.250     0.2091     70.278   2.720335 -9.990e-29
   2325.500     0.2091     70.270   2.720333 -9.990e-29
   2325.750     0.2090     70.262   2.720331 -9.990e-29
   2326.000     0.2090     70.254   2.720329 -9.990e-29
   2326.250     0.2089     70.245   2.720325 -9.990e-29
   2326.500     0.2089     70.237   2.720321 -9.990e-29
   2326.750     0.2088     70.227   2.720315 -9.990e-29
   2327.000     0.2088     70.217   2.720310 -9.990e-29
   2327.250     0.2087     70.207   2.720305 -9.990e-29
   2327.500     0.2087     70.195   2.720302 -9.990e-29
   2327.750     0.2086     70.183   2.720297 -9.990e-29
   2328.000     0.2085     70.171   2.720289 -9.990e-29
   2328.250     0.2084     70.158   2.720276 0.0000e+00
   2328.500     0.2083     70.144   2.720259 0.0000e+00
   2328.750     0.2081     70.130   2.720239 0.0000e+00
   2329.000     0.2079     70.116   2.720221 0.0000e+00
   2329.250     0.2077     70.102   2.720204 0.0000e+00
   2329.500     0.2074     70.087   2.720190 0.0000e+00
   2329.750     0.2072     70.073   2.720182 0.0000e+00
   2330.000     0.2071     70.058   2.720179 0.0000e+00
   2330.250     0.2070     70.043   2.720179 0.0000e+00
   2330.500     0.2069     70.028   2.720181 0.0000e+00
   2330.750     0.2069     70.014   2.720183 0.0000e+00
   2331.000     0.2069     69.999   2.720185 0.0000e+00
   2331.250     0.2069     69.985   2.720187 0.0000e+00
   2331.500     0.2069     69.970   2.720189 0.0000e+00
   2331.750     0.2070     69.955   2.720193 0.0000e+00
   2332.000     0.2070     69.939   2.720200 0.0000e+00
   2332.250     0.2071     69.922   2.720210 0.0000e+00
   2332.500     0.2072     69.904   2.720225 0.0000e+00
   2332.750     0.2073     69.886   2.720242 0.0000e+00
   2333.000     0.2075     69.868   2.720259 0.0000e+00
   2333.250     0.2077     69.849   2.720278 0.0000e+00
   2333.500     0.2080     69.830   2.720299 0.0000e+00
   2333.750     0.2082     69.812   2.720321 0.0000e+00
   2334.000     0.2085     69.793   2.720339 0.0000e+00
   2334.250     0.2088     69.774   2.720349 0.0000e+00
   2334.500     0.2090     69.755   2.720349 0.0000e+00
   2334.750     0.2091     69.734   2.720339 0.0000e+00
   2335.000     0.2092     69.714   2.720320 0.0000e+00
   2335.250     0.2092     69.694   2.720300 0.0000e+00
   2335.500     0.2090     69.674   2.720282 0.0000e+00
   2335.750     0.2088     69.655   2.720268 0.0000e+00
   2336.000     0.2086     69.637   2.720258 0.0000e+00
   2336.250     0.2084     69.619   2.720251 0.0000e+00
   2336.500     0.2083     69.601   2.720244 0.0000e+00
   2336.750     0.2082     69.584   2.720237 0.0000e+00
   2337.000     0.2080     69.567   2.720230 0.0000e+00
   2337.250     0.2079     69.550   2.720225 0.0000e+00
   2337.500     0.2079     69.533   2.720224 0.0000e+00
   2337.750     0.2078     69.516   2.720227 0.0000e+00
   2338.000     0.2078     69.499   2.720236 0.0000e+00
   2338.250     0.2078     69.481   2.720250 0.0000e+00
   2338.500     0.2079     69.463   2.720266 0.0000e+00
   2338.750     0.2081     69.444   2.720280 0.0000e+00
   2339.000     0.2083     69.425   2.720293 0.0000e+00
   2339.250     0.2084     69.404   2.720305 0.0000e+00
   2339.500     0.2086     69.382   2.720316 0.0000e+00
   2339.750     0.2087     69.360   2.720325 0.0000e+00
   2340.000     0.2089     69.338   2.720333 0.0000e+00
   2340.250     0.2090     69.315   2.720340 0.0000e+00
   2340.500     0.2092     69.292   2.720348 0.0000e+00
   2340.750     0.2093     69.267   2.720361 0.0000e+00
   2341.000     0.2095     69.242   2.720375 0.0000e+00
   2341.250     0.2097     69.216   2.720388 0.0000e+00
   2341.500     0.2099     69.189   2.720399 0.0000e+00
   2341.750     0.2101     69.161   2.720409 0.0000e+00
   2342.000     0.2103     69.131   2.720418 0.0000e+00
   2342.250     0.2105     69.100   2.720426 0.0000e+00
   2342.500     0.2106     69.069   2.720434 0.0000e+00
   2342.750     0.2107     69.037   2.720442 0.0000e+00
   2343.000     0.2108     69.004   2.720450 0.0000e+00
   2343.250     0.2109     68.970   2.720462 0.0000e+00
   2343.500     0.2111     68.936   2.720477 0.0000e+00
   2343.750     0.2113     68.902   2.720495 0.0000e+00
   2344.000     0.2116     68.868   2.720511 0.0000e+00
   2344.250     0.2118     68.833   2.720525 0.0000e+00
   2344.500     0.2121     68.797   2.720537 0.0000e+00
   2344.750     0.2123     68.761   2.720546 0.0000e+00
   2345.000     0.2125     68.725   2.720552 0.0000e+00
   2345.250     0.2127     68.689   2.720554 0.0000e+00
   2345.500     0.2128     68.654   2.720552 0.0000e+00
   2345.750     0.2129     68.618   2.720548 0.0000e+00
   2346.000     0.2129     68.583   2.720539 0.0000e+00
   2346.250     0.2128     68.547   2.720529 0.0000e+00
   2346.500     0.2127     68.510   2.720519 0.0000e+00
   2346.750     0.2126     68.473   2.720512 0.0000e+00
   2347.000     0.2125     68.435   2.720507 0.0000e+00
   2347.250     0.2124     68.396   2.720501 0.0000e+00
   2347.500     0.2123     68.357   2.720496 0.0000e+00
   2347.750     0.2123     68.318   2.720493 0.0000e+00
   2348.000     0.2122     68.279   2.720494 0.0000e+00
   2348.250     0.2122     68.240   2.720497 0.0000e+00
   2348.500     0.2122     68.202   2.720504 0.0000e+00
   2348.750     0.2122     68.164   2.720515 0.0000e+00
   2349.000     0.2123     68.127   2.720526 0.0000e+00
   2349.250     0.2125     68.090   2.720534 0.0000e+00
   2349.500     0.2126     68.053   2.720539 0.0000e+00
   2349.750     0.2128     68.016   2.720541 0.0000e+00
   2350.000     0.2129     67.978   2.720541 0.0000e+00
   2350.250     0.2130     67.940   2.720539 0.0000e+00
   2350.500     0.2131     67.902   2.720535 0.0000e+00
   2350.750     0.2131     67.864   2.720529 0.0000e+00
   2351.000     0.2130     67.825   2.720523 0.0000e+00
   2351.250     0.2130     67.787   2.720522 0.0000e+00
   2351.500     0.2129     67.747   2.720524 0.0000e+00
   2351.750     0.2129     67.706   2.720530 0.0000e+00
   2352.000     0.2129     67.665   2.720538 0.0000e+00
   2352.250     0.2130     67.623   2.720549 0.0000e+00
   2352.500     0.2131     67.581   2.720560 0.0000e+00
   2352.750     0.2133     67.539   2.720570 0.0000e+00
   2353.000     0.2134     67.498   2.720578 0.0000e+00
   2353.250     0.2136     67.456   2.720583 0.0000e+00
   2353.500     0.2137     67.416   2.720586 0.0000e+00
   2353.750     0.2139     67.375   2.720589 0.0000e+00
   2354.000     0.2140     67.333   2.720592 0.0000e+00
   2354.250     0.2140     67.290   2.720595 0.0000e+00
   2354.500     0.2141     67.246   2.720600 0.0000e+00
   2354.750     0.2142     67.201   2.720609 0.0000e+00
   2355.000     0.2143     67.155   2.720621 0.0000e+00
   2355.250     0.2144     67.109   2.720635 0.0000e+00
   2355.500     0.2146     67.062   2.720644 0.0000e+00
   2355.750     0.2148     67.014   2.720646 0.0000e+00
   2356.000     0.2149     66.965   2.720645 0.0000e+00
   2356.250     0.2150     66.915   2.720641 0.0000e+00
   2356.500     0.2151     66.864   2.720636 0.0000e+00
   2356.750     0.2151     66.812   2.720631 0.0000e+00
