inst/extdata/ex_data/align_ex.cnv
* Sea-Bird SBE19plus  Data File:
* FileName = C:\CTD\202101_162_L2\2021_07_05\2021_07_05_0003.hex
* Software version 2.8.0.119
* Temperature SN = 8102
* Conductivity SN = 8102
* System UpLoad Time = Jul 05 2021 18:31:48
* <ApplicationData>
* <Seaterm232>
# nquan = 5
# nvalues = 10711                       
# units = specified
# name 0 = timeS: Time, Elapsed [seconds]
# name 1 = tv290C: Temperature [ITS-90, deg C]
# name 2 = prdM: Pressure, Strain Gauge [db]
# name 3 = c0S/m: Conductivity [S/m]
# name 4 = flag:  0.000e+00
# span 0 =      0.000,   2677.500       
# span 1 =     0.1666,     8.8804       
# span 2 =     -0.294,     71.062       
# span 3 =   0.000106,   3.312038       
# span 4 = 0.0000e+00, 0.0000e+00       
# interval = seconds: 0.25
# start_time = Jul 05 2021 12:11:57 [Instrument's time stamp, header]
# bad_flag = -9.990e-29
*END*
[from data line 9715]
   2428.750     1.5410     37.873   2.819210 0.0000e+00
   2429.000     1.5494     37.730   2.819826 0.0000e+00
   2429.250     1.5575     37.586   2.820390 0.0000e+00
   2429.500     1.5653     37.443   2.820958 0.0000e+00
   2429.750     1.5728     37.300   2.821591 0.0000e+00
   2430.000     1.5803     37.157   2.822284 0.0000e+00
   2430.250     1.5881     37.015   2.823008 0.0000e+00
   2430.500     1.5963     36.874   2.823739 0.0000e+00
   2430.750     1.6048     36.734   2.824509 0.0000e+00
   2431.000     1.6137     36.594   2.825421 0.0000e+00
   2431.250     1.6232     36.454   2.826583 0.0000e+00
   2431.500     1.6343     36.314   2.828052 0.0000e+00
   2431.750     1.6477     36.175   2.829873 0.0000e+00
   2432.000     1.6641     36.035   2.832114 0.0000e+00
   2432.250     1.6845     35.896   2.834830 0.0000e+00
   2432.500     1.7093     35.757   2.837964 0.0000e+00
   2432.750     1.7390     35.620   2.841205 0.0000e+00
   2433.000     1.7724     35.483   2.844225 0.0000e+00
   2433.250     1.8075     35.348   2.846993 0.0000e+00
   2433.500     1.8422     35.213   2.849652 0.0000e+00
   2433.750     1.8755     35.080   2.852307 0.0000e+00
   2434.000     1.9073     34.948   2.854949 0.0000e+00
   2434.250     1.9386     34.817   2.857470 0.0000e+00
   2434.500     1.9700     34.687   2.859642 0.0000e+00
   2434.750     2.0006     34.559   2.861156 0.0000e+00
   2435.000     2.0278     34.432   2.861966 0.0000e+00
   2435.250     2.0485     34.309   2.862230 0.0000e+00
   2435.500     2.0612     34.187   2.862017 0.0000e+00
   2435.750     2.0669     34.068   2.861303 0.0000e+00
   2436.000     2.0672     33.952   2.860019 0.0000e+00
   2436.250     2.0619     33.839   2.857973 0.0000e+00
   2436.500     2.0500     33.731   2.854926 0.0000e+00
   2436.750     2.0295     33.629   2.851037 0.0000e+00
   2437.000     1.9993     33.533   2.847182 0.0000e+00
   2437.250     1.9622     33.443   2.844251 0.0000e+00
   2437.500     1.9248     33.355   2.842258 0.0000e+00
   2437.750     1.8929     33.267   2.840842 0.0000e+00
   2438.000     1.8686     33.181   2.839805 0.0000e+00
   2438.250     1.8504     33.096   2.839046 0.0000e+00
   2438.500     1.8361     33.014   2.838579 0.0000e+00
   2438.750     1.8251     32.933   2.838383 0.0000e+00
   2439.000     1.8175     32.851   2.838396 0.0000e+00
   2439.250     1.8133     32.768   2.838562 0.0000e+00
   2439.500     1.8119     32.683   2.838816 0.0000e+00
   2439.750     1.8125     32.597   2.839120 0.0000e+00
   2440.000     1.8147     32.509   2.839490 0.0000e+00
   2440.250     1.8179     32.420   2.839959 0.0000e+00
   2440.500     1.8223     32.331   2.840547 0.0000e+00
   2440.750     1.8278     32.241   2.841313 0.0000e+00
   2441.000     1.8348     32.151   2.842374 0.0000e+00
   2441.250     1.8439     32.061   2.843809 0.0000e+00
   2441.500     1.8559     31.970   2.845593 0.0000e+00
   2441.750     1.8714     31.878   2.847636 0.0000e+00
   2442.000     1.8903     31.785   2.849799 0.0000e+00
   2442.250     1.9121     31.693   2.851996 0.0000e+00
   2442.500     1.9359     31.601   2.854196 0.0000e+00
   2442.750     1.9606     31.511   2.856297 0.0000e+00
   2443.000     1.9856     31.422   2.858266 0.0000e+00
   2443.250     2.0103     31.334   2.860186 0.0000e+00
   2443.500     2.0344     31.247   2.862076 0.0000e+00
   2443.750     2.0580     31.160   2.863829 0.0000e+00
   2444.000     2.0808     31.073   2.865308 0.0000e+00
   2444.250     2.1021     30.987   2.866375 0.0000e+00
   2444.500     2.1209     30.901   2.866944 0.0000e+00
   2444.750     2.1358     30.815   2.867056 0.0000e+00
   2445.000     2.1456     30.729   2.866806 0.0000e+00
   2445.250     2.1507     30.642   2.866366 0.0000e+00
   2445.500     2.1521     30.554   2.865887 0.0000e+00
   2445.750     2.1507     30.465   2.865379 0.0000e+00
   2446.000     2.1474     30.376   2.864862 0.0000e+00
   2446.250     2.1432     30.286   2.864429 0.0000e+00
   2446.500     2.1388     30.196   2.864124 0.0000e+00
   2446.750     2.1349     30.106   2.863928 0.0000e+00
   2447.000     2.1319     30.017   2.863825 0.0000e+00
   2447.250     2.1299     29.930   2.863794 0.0000e+00
   2447.500     2.1288     29.844   2.863804 0.0000e+00
   2447.750     2.1284     29.759   2.863848 0.0000e+00
   2448.000     2.1286     29.676   2.863927 0.0000e+00
   2448.250     2.1293     29.594   2.864028 0.0000e+00
   2448.500     2.1305     29.513   2.864136 0.0000e+00
   2448.750     2.1320     29.433   2.864249 0.0000e+00
   2449.000     2.1337     29.354   2.864371 0.0000e+00
   2449.250     2.1356     29.273   2.864510 0.0000e+00
   2449.500     2.1377     29.192   2.864685 0.0000e+00
   2449.750     2.1400     29.110   2.864930 0.0000e+00
   2450.000     2.1426     29.027   2.865293 0.0000e+00
   2450.250     2.1459     28.942   2.865789 0.0000e+00
   2450.500     2.1503     28.856   2.866371 0.0000e+00
   2450.750     2.1558     28.770   2.867004 0.0000e+00
   2451.000     2.1622     28.682   2.867699 0.0000e+00
   2451.250     2.1695     28.595   2.868484 0.0000e+00
   2451.500     2.1775     28.506   2.869388 0.0000e+00
   2451.750     2.1866     28.418   2.870499 0.0000e+00
   2452.000     2.1972     28.330   2.871972 0.0000e+00
   2452.250     2.2102     28.243   2.873909 0.0000e+00
   2452.500     2.2268     28.157   2.876388 0.0000e+00
   2452.750     2.2481     28.073   2.879474 0.0000e+00
   2453.000     2.2749     27.990   2.882971 0.0000e+00
   2453.250     2.3073     27.910   2.886596 0.0000e+00
   2453.500     2.3440     27.832   2.890194 0.0000e+00
   2453.750     2.3834     27.755   2.893554 0.0000e+00
   2454.000     2.4234     27.680   2.896604 0.0000e+00
   2454.250     2.4621     27.605   2.899325 0.0000e+00
   2454.500     2.4982     27.530   2.901625 0.0000e+00
   2454.750     2.5306     27.455   2.903574 0.0000e+00
   2455.000     2.5591     27.379   2.905184 0.0000e+00
   2455.250     2.5836     27.302   2.906435 0.0000e+00
   2455.500     2.6041     27.223   2.907437 0.0000e+00
   2455.750     2.6208     27.142   2.908290 0.0000e+00
   2456.000     2.6345     27.060   2.909037 0.0000e+00
   2456.250     2.6459     26.976   2.909698 0.0000e+00
   2456.500     2.6556     26.892   2.910302 0.0000e+00
   2456.750     2.6641     26.806   2.910883 0.0000e+00
   2457.000     2.6717     26.720   2.911470 0.0000e+00
   2457.250     2.6788     26.633   2.912062 0.0000e+00
   2457.500     2.6858     26.547   2.912682 0.0000e+00
   2457.750     2.6928     26.462   2.913395 0.0000e+00
   2458.000     2.7003     26.378   2.914285 0.0000e+00
   2458.250     2.7089     26.297   2.915387 0.0000e+00
   2458.500     2.7191     26.217   2.916649 0.0000e+00
   2458.750     2.7310     26.139   2.918000 0.0000e+00
   2459.000     2.7445     26.063   2.919353 0.0000e+00
   2459.250     2.7590     25.986   2.920635 0.0000e+00
   2459.500     2.7740     25.910   2.921820 0.0000e+00
   2459.750     2.7887     25.833   2.922868 0.0000e+00
   2460.000     2.8027     25.756   2.923768 0.0000e+00
   2460.250     2.8156     25.677   2.924538 0.0000e+00
   2460.500     2.8271     25.596   2.925205 0.0000e+00
   2460.750     2.8372     25.514   2.925821 0.0000e+00
   2461.000     2.8461     25.431   2.926431 0.0000e+00
   2461.250     2.8542     25.347   2.927058 0.0000e+00
   2461.500     2.8619     25.262   2.927728 0.0000e+00
   2461.750     2.8696     25.178   2.928454 0.0000e+00
   2462.000     2.8775     25.094   2.929216 0.0000e+00
   2462.250     2.8858     25.012   2.929992 0.0000e+00
   2462.500     2.8945     24.932   2.930800 0.0000e+00
   2462.750     2.9036     24.854   2.931641 0.0000e+00
   2463.000     2.9129     24.779   2.932473 0.0000e+00
   2463.250     2.9225     24.706   2.933305 0.0000e+00
   2463.500     2.9322     24.636   2.934234 0.0000e+00
   2463.750     2.9424     24.568   2.935418 0.0000e+00
   2464.000     2.9540     24.501   2.937046 0.0000e+00
   2464.250     2.9683     24.433   2.939184 0.0000e+00
   2464.500     2.9868     24.364   2.941683 0.0000e+00
   2464.750     3.0100     24.293   2.944234 0.0000e+00
   2465.000     3.0368     24.220   2.946483 0.0000e+00
   2465.250     3.0650     24.144   2.948108 0.0000e+00
   2465.500     3.0916     24.065   2.948900 0.0000e+00
   2465.750     3.1134     23.984   2.948853 0.0000e+00
   2466.000     3.1277     23.901   2.947985 0.0000e+00
   2466.250     3.1334     23.816   2.946275 0.0000e+00
   2466.500     3.1306     23.730   2.944012 0.0000e+00
   2466.750     3.1203     23.643   2.941794 0.0000e+00
   2467.000     3.1051     23.557   2.940096 0.0000e+00
   2467.250     3.0892     23.472   2.939222 0.0000e+00
   2467.500     3.0767     23.388   2.939407 0.0000e+00
   2467.750     3.0713     23.306   2.940837 0.0000e+00
   2468.000     3.0752     23.227   2.943609 0.0000e+00
   2468.250     3.0906     23.150   2.947453 0.0000e+00
   2468.500     3.1189     23.075   2.951715 0.0000e+00
   2468.750     3.1580     23.000   2.955700 0.0000e+00
   2469.000     3.2028     22.926   2.959080 0.0000e+00
   2469.250     3.2481     22.851   2.961853 0.0000e+00
   2469.500     3.2901     22.775   2.964081 0.0000e+00
   2469.750     3.3270     22.699   2.965974 0.0000e+00
   2470.000     3.3586     22.620   2.967830 0.0000e+00
   2470.250     3.3864     22.541   2.969903 0.0000e+00
   2470.500     3.4130     22.460   2.972513 0.0000e+00
   2470.750     3.4411     22.377   2.976082 0.0000e+00
   2471.000     3.4743     22.291   2.980720 0.0000e+00
   2471.250     3.5160     22.203   2.986486 0.0000e+00
   2471.500     3.5685     22.113   2.993958 0.0000e+00
   2471.750     3.6351     22.023   3.002589 0.0000e+00
   2472.000     3.7161     21.933   3.010430 0.0000e+00
   2472.250     3.8046     21.845   3.016920 0.0000e+00
   2472.500     3.8917     21.758   3.022603 0.0000e+00
   2472.750     3.9737     21.674   3.027149 0.0000e+00
   2473.000     4.0492     21.592   3.030010 0.0000e+00
   2473.250     4.1150     21.511   3.031258 0.0000e+00
   2473.500     4.1671     21.431   3.031174 0.0000e+00
   2473.750     4.2024     21.351   3.029810 0.0000e+00
   2474.000     4.2210     21.272   3.027531 0.0000e+00
   2474.250     4.2255     21.192   3.025399 0.0000e+00
   2474.500     4.2203     21.111   3.024120 0.0000e+00
   2474.750     4.2126     21.028   3.023646 0.0000e+00
   2475.000     4.2079     20.944   3.023798 0.0000e+00
   2475.250     4.2069     20.858   3.024283 0.0000e+00
   2475.500     4.2091     20.773   3.024584 0.0000e+00
   2475.750     4.2114     20.688   3.024269 0.0000e+00
   2476.000     4.2085     20.607   3.023113 0.0000e+00
   2476.250     4.1971     20.529   3.021353 0.0000e+00
   2476.500     4.1769     20.457   3.019686 0.0000e+00
   2476.750     4.1515     20.390   3.018370 0.0000e+00
   2477.000     4.1261     20.329   3.017328 0.0000e+00
   2477.250     4.1032     20.272   3.016658 0.0000e+00
   2477.500     4.0843     20.220   3.016370 0.0000e+00
   2477.750     4.0708     20.170   3.016366 0.0000e+00
   2478.000     4.0629     20.123   3.016602 0.0000e+00
   2478.250     4.0596     20.076   3.017119 0.0000e+00
   2478.500     4.0604     20.028   3.018056 0.0000e+00
   2478.750     4.0656     19.977   3.019663 0.0000e+00
   2479.000     4.0760     19.923   3.022252 0.0000e+00
   2479.250     4.0939     19.865   3.025564 0.0000e+00
   2479.500     4.1207     19.803   3.028791 0.0000e+00
   2479.750     4.1535     19.739   3.031702 0.0000e+00
   2480.000     4.1884     19.672   3.034739 0.0000e+00
   2480.250     4.2252     19.602   3.038608 0.0000e+00
   2480.500     4.2676     19.531   3.043348 0.0000e+00
   2480.750     4.3188     19.457   3.048006 0.0000e+00
   2481.000     4.3768     19.383   3.051988 0.0000e+00
   2481.250     4.4343     19.307   3.055363 0.0000e+00
   2481.500     4.4844     19.231   3.058645 0.0000e+00
   2481.750     4.5270     19.155   3.062711 0.0000e+00
   2482.000     4.5693     19.080   3.068479 0.0000e+00
   2482.250     4.6208     19.007   3.076111 0.0000e+00
   2482.500     4.6888     18.935   3.083882 0.0000e+00
   2482.750     4.7726     18.866   3.089751 0.0000e+00
   2483.000     4.8593     18.797   3.093646 0.0000e+00
   2483.250     4.9338     18.730   3.096413 0.0000e+00
   2483.500     4.9891     18.664   3.098408 0.0000e+00
   2483.750     5.0276     18.599   3.099903 0.0000e+00
   2484.000     5.0558     18.536   3.101433 0.0000e+00
   2484.250     5.0789     18.477   3.103461 0.0000e+00
   2484.500     5.1009     18.420   3.106290 0.0000e+00
   2484.750     5.1268     18.368   3.109394 0.0000e+00
   2485.000     5.1591     18.321   3.111442 0.0000e+00
   2485.250     5.1926     18.277   3.111939 0.0000e+00
   2485.500     5.2171     18.237   3.111166 0.0000e+00
   2485.750     5.2277     18.201   3.109354 0.0000e+00
   2486.000     5.2247     18.167   3.106561 0.0000e+00
   2486.250     5.2085     18.134   3.103421 0.0000e+00
   2486.500     5.1817     18.101   3.101265 0.0000e+00
   2486.750     5.1518     18.068   3.100599 0.0000e+00
   2487.000     5.1281     18.033   3.101282 0.0000e+00
   2487.250     5.1160     17.997   3.102932 0.0000e+00
   2487.500     5.1160     17.960   3.104862 0.0000e+00
   2487.750     5.1257     17.921   3.106951 0.0000e+00
   2488.000     5.1417     17.883   3.109557 0.0000e+00
   2488.250     5.1635     17.844   3.113189 0.0000e+00
   2488.500     5.1945     17.806   3.117965 0.0000e+00
   2488.750     5.2376     17.769   3.123330 0.0000e+00
   2489.000     5.2911     17.732   3.128933 0.0000e+00
   2489.250     5.3481     17.698   3.134768 0.0000e+00
   2489.500     5.4060     17.665   3.140571 0.0000e+00
   2489.750     5.4685     17.635   3.145631 0.0000e+00
   2490.000     5.5350     17.606   3.149562 0.0000e+00
   2490.250     5.5969     17.578   3.152506 0.0000e+00
   2490.500     5.6467     17.551   3.154719 0.0000e+00
   2490.750     5.6851     17.525   3.156638 0.0000e+00
   2491.000     5.7164     17.498   3.158549 0.0000e+00
   2491.250     5.7426     17.470   3.160354 0.0000e+00
   2491.500     5.7658     17.440   3.161902 0.0000e+00
   2491.750     5.7879     17.408   3.163154 0.0000e+00
   2492.000     5.8079     17.374   3.164046 0.0000e+00
   2492.250     5.8244     17.339   3.164587 0.0000e+00
   2492.500     5.8373     17.302   3.164956 0.0000e+00
   2492.750     5.8466     17.264   3.165299 0.0000e+00
   2493.000     5.8527     17.225   3.165661 0.0000e+00
   2493.250     5.8571     17.185   3.166116 0.0000e+00
   2493.500     5.8610     17.145   3.166710 0.0000e+00
   2493.750     5.8653     17.105   3.167409 0.0000e+00
   2494.000     5.8709     17.066   3.168137 0.0000e+00
   2494.250     5.8776     17.028   3.168789 0.0000e+00
   2494.500     5.8846     16.993   3.169321 0.0000e+00
   2494.750     5.8911     16.960   3.169811 0.0000e+00
   2495.000     5.8973     16.929   3.170349 0.0000e+00
   2495.250     5.9034     16.900   3.170990 0.0000e+00
   2495.500     5.9099     16.872   3.171688 0.0000e+00
   2495.750     5.9169     16.845   3.172301 0.0000e+00
   2496.000     5.9240     16.817   3.172806 0.0000e+00
   2496.250     5.9308     16.789   3.173193 0.0000e+00
   2496.500     5.9366     16.760   3.173338 0.0000e+00
   2496.750     5.9407     16.728   3.173130 0.0000e+00
   2497.000     5.9420     16.695   3.172469 0.0000e+00
   2497.250     5.9398     16.660   3.171204 0.0000e+00
   2497.500     5.9333     16.624   3.169212 0.0000e+00
   2497.750     5.9212     16.586   3.167048 0.0000e+00
   2498.000     5.9041     16.546   3.165811 0.0000e+00
   2498.250     5.8878     16.506   3.165937 0.0000e+00
   2498.500     5.8782     16.466   3.167194 0.0000e+00
   2498.750     5.8759     16.427   3.168943 0.0000e+00
   2499.000     5.8801     16.388   3.170409 0.0000e+00
   2499.250     5.8891     16.350   3.171352 0.0000e+00
   2499.500     5.8985     16.314   3.171929 0.0000e+00
   2499.750     5.9054     16.279   3.172322 0.0000e+00
