inst/extdata/ex_data/align_ex.cnv
* Sea-Bird SBE19plus  Data File:
* FileName = C:\CTD\202101_162_L2\2021_07_05\2021_07_05_0003.hex
* Software version 2.8.0.119
* Temperature SN = 8102
* Conductivity SN = 8102
* System UpLoad Time = Jul 05 2021 18:31:48
* <ApplicationData>
* <Seaterm232>
# nquan = 5
# nvalues = 10711                       
# units = specified
# name 0 = timeS: Time, Elapsed [seconds]
# name 1 = tv290C: Temperature [ITS-90, deg C]
# name 2 = prdM: Pressure, Strain Gauge [db]
# name 3 = c0S/m: Conductivity [S/m]
# name 4 = flag:  0.000e+00
# span 0 =      0.000,   2677.500       
# span 1 =     0.1666,     8.8804       
# span 2 =     -0.294,     71.062       
# span 3 =   0.000106,   3.312038       
# span 4 = 0.0000e+00, 0.0000e+00       
# interval = seconds: 0.25
# start_time = Jul 05 2021 12:11:57 [Instrument's time stamp, header]
# bad_flag = -9.990e-29
*END*
[from data line 5715]
   1428.750     0.2014     70.827   2.720836 -9.990e-29
   1429.000     0.2014     70.829   2.720840 -9.990e-29
   1429.250     0.2014     70.830   2.720843 -9.990e-29
   1429.500     0.2015     70.831   2.720844 -9.990e-29
   1429.750     0.2015     70.833   2.720845 -9.990e-29
   1430.000     0.2015     70.834   2.720846 -9.990e-29
   1430.250     0.2016     70.835   2.720846 -9.990e-29
   1430.500     0.2016     70.837   2.720847 -9.990e-29
   1430.750     0.2015     70.838   2.720847 -9.990e-29
   1431.000     0.2015     70.839   2.720847 -9.990e-29
   1431.250     0.2015     70.840   2.720846 -9.990e-29
   1431.500     0.2015     70.840   2.720846 -9.990e-29
   1431.750     0.2015     70.840   2.720845 -9.990e-29
   1432.000     0.2015     70.839   2.720843 -9.990e-29
   1432.250     0.2015     70.839   2.720841 -9.990e-29
   1432.500     0.2014     70.837   2.720837 -9.990e-29
   1432.750     0.2014     70.836   2.720831 -9.990e-29
   1433.000     0.2013     70.834   2.720826 -9.990e-29
   1433.250     0.2012     70.832   2.720821 -9.990e-29
   1433.500     0.2012     70.830   2.720818 -9.990e-29
   1433.750     0.2011     70.828   2.720817 -9.990e-29
   1434.000     0.2011     70.826   2.720817 -9.990e-29
   1434.250     0.2011     70.825   2.720818 -9.990e-29
   1434.500     0.2011     70.823   2.720818 -9.990e-29
   1434.750     0.2011     70.821   2.720817 -9.990e-29
   1435.000     0.2011     70.819   2.720815 -9.990e-29
   1435.250     0.2011     70.817   2.720810 -9.990e-29
   1435.500     0.2011     70.814   2.720803 -9.990e-29
   1435.750     0.2011     70.812   2.720793 -9.990e-29
   1436.000     0.2010     70.811   2.720781 -9.990e-29
   1436.250     0.2009     70.810   2.720765 -9.990e-29
   1436.500     0.2007     70.810   2.720746 -9.990e-29
   1436.750     0.2004     70.810   2.720728 -9.990e-29
   1437.000     0.2002     70.810   2.720716 -9.990e-29
   1437.250     0.2000     70.811   2.720708 -9.990e-29
   1437.500     0.1998     70.811   2.720703 -9.990e-29
   1437.750     0.1997     70.811   2.720699 -9.990e-29
   1438.000     0.1996     70.811   2.720695 -9.990e-29
   1438.250     0.1996     70.811   2.720690 -9.990e-29
   1438.500     0.1995     70.811   2.720686 -9.990e-29
   1438.750     0.1995     70.811   2.720684 -9.990e-29
   1439.000     0.1995     70.811   2.720685 -9.990e-29
   1439.250     0.1995     70.810   2.720687 -9.990e-29
   1439.500     0.1995     70.810   2.720690 -9.990e-29
   1439.750     0.1996     70.809   2.720693 -9.990e-29
   1440.000     0.1996     70.808   2.720696 -9.990e-29
   1440.250     0.1997     70.807   2.720698 -9.990e-29
   1440.500     0.1998     70.806   2.720703 -9.990e-29
   1440.750     0.1998     70.805   2.720711 -9.990e-29
   1441.000     0.1999     70.805   2.720720 -9.990e-29
   1441.250     0.2000     70.804   2.720731 -9.990e-29
   1441.500     0.2001     70.804   2.720740 -9.990e-29
   1441.750     0.2002     70.803   2.720748 -9.990e-29
   1442.000     0.2003     70.803   2.720757 -9.990e-29
   1442.250     0.2004     70.804   2.720764 -9.990e-29
   1442.500     0.2005     70.804   2.720771 -9.990e-29
   1442.750     0.2005     70.804   2.720775 -9.990e-29
   1443.000     0.2006     70.805   2.720778 -9.990e-29
   1443.250     0.2006     70.805   2.720780 -9.990e-29
   1443.500     0.2007     70.806   2.720780 -9.990e-29
   1443.750     0.2007     70.807   2.720778 -9.990e-29
   1444.000     0.2007     70.808   2.720774 -9.990e-29
   1444.250     0.2007     70.808   2.720766 -9.990e-29
   1444.500     0.2006     70.809   2.720756 -9.990e-29
   1444.750     0.2006     70.811   2.720744 -9.990e-29
   1445.000     0.2005     70.812   2.720733 -9.990e-29
   1445.250     0.2003     70.813   2.720722 -9.990e-29
   1445.500     0.2002     70.814   2.720711 -9.990e-29
   1445.750     0.2000     70.815   2.720702 -9.990e-29
   1446.000     0.1999     70.817   2.720696 -9.990e-29
   1446.250     0.1999     70.819   2.720694 -9.990e-29
   1446.500     0.1998     70.822   2.720698 -9.990e-29
   1446.750     0.1998     70.825   2.720705 -9.990e-29
   1447.000     0.1998     70.828   2.720714 -9.990e-29
   1447.250     0.1998     70.831   2.720721 -9.990e-29
   1447.500     0.1999     70.834   2.720724 -9.990e-29
   1447.750     0.1999     70.837   2.720721 -9.990e-29
   1448.000     0.1998     70.841   2.720713 -9.990e-29
   1448.250     0.1998     70.843   2.720702 -9.990e-29
   1448.500     0.1997     70.845   2.720691 -9.990e-29
   1448.750     0.1996     70.847   2.720678 -9.990e-29
   1449.000     0.1995     70.847   2.720668 -9.990e-29
   1449.250     0.1993     70.848   2.720661 -9.990e-29
   1449.500     0.1992     70.848   2.720657 -9.990e-29
   1449.750     0.1992     70.847   2.720654 -9.990e-29
   1450.000     0.1991     70.847   2.720653 -9.990e-29
   1450.250     0.1991     70.846   2.720653 -9.990e-29
   1450.500     0.1990     70.845   2.720653 -9.990e-29
   1450.750     0.1990     70.844   2.720653 -9.990e-29
   1451.000     0.1990     70.843   2.720655 -9.990e-29
   1451.250     0.1990     70.843   2.720658 -9.990e-29
   1451.500     0.1990     70.843   2.720663 -9.990e-29
   1451.750     0.1990     70.843   2.720670 -9.990e-29
   1452.000     0.1991     70.843   2.720678 -9.990e-29
   1452.250     0.1991     70.843   2.720688 -9.990e-29
   1452.500     0.1992     70.843   2.720697 -9.990e-29
   1452.750     0.1993     70.842   2.720704 -9.990e-29
   1453.000     0.1994     70.841   2.720711 -9.990e-29
   1453.250     0.1995     70.840   2.720717 -9.990e-29
   1453.500     0.1996     70.838   2.720723 -9.990e-29
   1453.750     0.1997     70.837   2.720729 -9.990e-29
   1454.000     0.1998     70.835   2.720734 -9.990e-29
   1454.250     0.1998     70.834   2.720737 -9.990e-29
   1454.500     0.1999     70.833   2.720739 -9.990e-29
   1454.750     0.1999     70.832   2.720741 -9.990e-29
   1455.000     0.2000     70.832   2.720742 -9.990e-29
   1455.250     0.2000     70.832   2.720742 -9.990e-29
   1455.500     0.2001     70.832   2.720741 -9.990e-29
   1455.750     0.2001     70.832   2.720739 -9.990e-29
   1456.000     0.2001     70.832   2.720735 -9.990e-29
   1456.250     0.2000     70.832   2.720730 -9.990e-29
   1456.500     0.2000     70.833   2.720728 -9.990e-29
   1456.750     0.1999     70.833   2.720729 -9.990e-29
   1457.000     0.1999     70.833   2.720732 -9.990e-29
   1457.250     0.1999     70.833   2.720734 -9.990e-29
   1457.500     0.1998     70.834   2.720735 -9.990e-29
   1457.750     0.1998     70.834   2.720735 -9.990e-29
   1458.000     0.1999     70.835   2.720733 -9.990e-29
   1458.250     0.1999     70.835   2.720730 -9.990e-29
   1458.500     0.1999     70.836   2.720725 -9.990e-29
   1458.750     0.1999     70.837   2.720719 -9.990e-29
   1459.000     0.1998     70.837   2.720713 -9.990e-29
   1459.250     0.1998     70.838   2.720708 -9.990e-29
   1459.500     0.1997     70.839   2.720706 -9.990e-29
   1459.750     0.1997     70.840   2.720705 -9.990e-29
   1460.000     0.1996     70.842   2.720706 -9.990e-29
   1460.250     0.1996     70.844   2.720706 -9.990e-29
   1460.500     0.1996     70.846   2.720704 -9.990e-29
   1460.750     0.1995     70.849   2.720699 -9.990e-29
   1461.000     0.1995     70.851   2.720691 -9.990e-29
   1461.250     0.1994     70.853   2.720682 -9.990e-29
   1461.500     0.1993     70.855   2.720674 -9.990e-29
   1461.750     0.1992     70.856   2.720668 -9.990e-29
   1462.000     0.1991     70.857   2.720665 -9.990e-29
   1462.250     0.1991     70.857   2.720664 -9.990e-29
   1462.500     0.1990     70.857   2.720662 -9.990e-29
   1462.750     0.1990     70.857   2.720658 -9.990e-29
   1463.000     0.1989     70.856   2.720655 -9.990e-29
   1463.250     0.1989     70.855   2.720653 -9.990e-29
   1463.500     0.1988     70.854   2.720652 -9.990e-29
   1463.750     0.1988     70.853   2.720652 -9.990e-29
   1464.000     0.1988     70.852   2.720653 -9.990e-29
   1464.250     0.1987     70.851   2.720654 -9.990e-29
   1464.500     0.1987     70.850   2.720655 -9.990e-29
   1464.750     0.1987     70.848   2.720654 -9.990e-29
   1465.000     0.1987     70.846   2.720650 -9.990e-29
   1465.250     0.1987     70.843   2.720645 -9.990e-29
   1465.500     0.1987     70.840   2.720640 -9.990e-29
   1465.750     0.1987     70.836   2.720636 -9.990e-29
   1466.000     0.1986     70.833   2.720634 -9.990e-29
   1466.250     0.1986     70.830   2.720635 -9.990e-29
   1466.500     0.1986     70.827   2.720638 -9.990e-29
   1466.750     0.1987     70.825   2.720644 -9.990e-29
   1467.000     0.1987     70.823   2.720653 -9.990e-29
   1467.250     0.1988     70.821   2.720662 -9.990e-29
   1467.500     0.1988     70.820   2.720671 -9.990e-29
   1467.750     0.1989     70.819   2.720678 -9.990e-29
   1468.000     0.1990     70.819   2.720684 -9.990e-29
   1468.250     0.1991     70.819   2.720689 -9.990e-29
   1468.500     0.1993     70.820   2.720696 -9.990e-29
   1468.750     0.1994     70.821   2.720703 -9.990e-29
   1469.000     0.1995     70.822   2.720708 -9.990e-29
   1469.250     0.1995     70.823   2.720711 -9.990e-29
   1469.500     0.1996     70.825   2.720714 -9.990e-29
   1469.750     0.1996     70.826   2.720715 -9.990e-29
   1470.000     0.1997     70.828   2.720716 -9.990e-29
   1470.250     0.1997     70.830   2.720718 -9.990e-29
   1470.500     0.1997     70.832   2.720719 -9.990e-29
   1470.750     0.1996     70.833   2.720722 -9.990e-29
   1471.000     0.1996     70.835   2.720725 -9.990e-29
   1471.250     0.1996     70.836   2.720729 -9.990e-29
   1471.500     0.1997     70.837   2.720731 -9.990e-29
   1471.750     0.1997     70.837   2.720732 -9.990e-29
   1472.000     0.1997     70.838   2.720732 -9.990e-29
   1472.250     0.1997     70.838   2.720729 -9.990e-29
   1472.500     0.1996     70.838   2.720723 -9.990e-29
   1472.750     0.1996     70.838   2.720714 -9.990e-29
   1473.000     0.1995     70.839   2.720705 -9.990e-29
   1473.250     0.1994     70.839   2.720698 -9.990e-29
   1473.500     0.1994     70.839   2.720691 -9.990e-29
   1473.750     0.1993     70.840   2.720686 -9.990e-29
   1474.000     0.1992     70.841   2.720683 -9.990e-29
   1474.250     0.1992     70.843   2.720682 -9.990e-29
   1474.500     0.1991     70.845   2.720683 -9.990e-29
   1474.750     0.1991     70.848   2.720683 -9.990e-29
   1475.000     0.1991     70.850   2.720683 -9.990e-29
   1475.250     0.1991     70.852   2.720682 -9.990e-29
   1475.500     0.1991     70.853   2.720680 -9.990e-29
   1475.750     0.1991     70.855   2.720680 -9.990e-29
   1476.000     0.1991     70.857   2.720681 -9.990e-29
   1476.250     0.1991     70.859   2.720684 -9.990e-29
   1476.500     0.1990     70.861   2.720689 -9.990e-29
   1476.750     0.1990     70.862   2.720692 -9.990e-29
   1477.000     0.1990     70.864   2.720694 -9.990e-29
   1477.250     0.1990     70.866   2.720695 -9.990e-29
   1477.500     0.1991     70.868   2.720695 -9.990e-29
   1477.750     0.1991     70.869   2.720694 -9.990e-29
   1478.000     0.1991     70.871   2.720692 -9.990e-29
   1478.250     0.1990     70.872   2.720690 -9.990e-29
   1478.500     0.1990     70.874   2.720688 -9.990e-29
   1478.750     0.1990     70.875   2.720685 -9.990e-29
   1479.000     0.1990     70.876   2.720680 -9.990e-29
   1479.250     0.1989     70.877   2.720674 -9.990e-29
   1479.500     0.1989     70.878   2.720667 -9.990e-29
   1479.750     0.1988     70.879   2.720658 -9.990e-29
   1480.000     0.1987     70.879   2.720647 -9.990e-29
   1480.250     0.1987     70.879   2.720636 -9.990e-29
   1480.500     0.1986     70.879   2.720626 -9.990e-29
   1480.750     0.1984     70.878   2.720619 -9.990e-29
   1481.000     0.1983     70.878   2.720615 -9.990e-29
   1481.250     0.1983     70.878   2.720612 -9.990e-29
   1481.500     0.1982     70.878   2.720610 -9.990e-29
   1481.750     0.1982     70.878   2.720609 -9.990e-29
   1482.000     0.1981     70.878   2.720609 -9.990e-29
   1482.250     0.1981     70.879   2.720608 -9.990e-29
   1482.500     0.1980     70.879   2.720607 -9.990e-29
   1482.750     0.1980     70.880   2.720606 -9.990e-29
   1483.000     0.1979     70.880   2.720606 -9.990e-29
   1483.250     0.1979     70.879   2.720609 -9.990e-29
   1483.500     0.1979     70.878   2.720615 -9.990e-29
   1483.750     0.1980     70.877   2.720625 -9.990e-29
   1484.000     0.1980     70.875   2.720637 -9.990e-29
   1484.250     0.1981     70.872   2.720652 -9.990e-29
   1484.500     0.1983     70.870   2.720663 -9.990e-29
   1484.750     0.1984     70.866   2.720666 -9.990e-29
   1485.000     0.1985     70.862   2.720662 -9.990e-29
   1485.250     0.1986     70.858   2.720657 -9.990e-29
   1485.500     0.1986     70.854   2.720651 -9.990e-29
   1485.750     0.1986     70.849   2.720647 -9.990e-29
   1486.000     0.1986     70.845   2.720641 -9.990e-29
   1486.250     0.1985     70.840   2.720635 -9.990e-29
   1486.500     0.1985     70.836   2.720628 -9.990e-29
   1486.750     0.1985     70.833   2.720622 -9.990e-29
   1487.000     0.1984     70.831   2.720614 -9.990e-29
   1487.250     0.1984     70.830   2.720606 -9.990e-29
   1487.500     0.1983     70.830   2.720598 -9.990e-29
   1487.750     0.1983     70.830   2.720590 -9.990e-29
   1488.000     0.1983     70.830   2.720585 -9.990e-29
   1488.250     0.1982     70.830   2.720586 -9.990e-29
   1488.500     0.1982     70.831   2.720590 -9.990e-29
   1488.750     0.1982     70.831   2.720596 -9.990e-29
   1489.000     0.1982     70.831   2.720600 -9.990e-29
   1489.250     0.1982     70.830   2.720602 -9.990e-29
   1489.500     0.1983     70.830   2.720603 -9.990e-29
   1489.750     0.1983     70.829   2.720602 -9.990e-29
   1490.000     0.1983     70.829   2.720600 -9.990e-29
   1490.250     0.1983     70.829   2.720596 -9.990e-29
   1490.500     0.1983     70.828   2.720591 -9.990e-29
   1490.750     0.1983     70.828   2.720585 -9.990e-29
   1491.000     0.1984     70.829   2.720580 -9.990e-29
   1491.250     0.1984     70.829   2.720575 -9.990e-29
   1491.500     0.1983     70.830   2.720571 -9.990e-29
   1491.750     0.1983     70.831   2.720569 -9.990e-29
   1492.000     0.1982     70.831   2.720568 -9.990e-29
   1492.250     0.1981     70.832   2.720567 -9.990e-29
   1492.500     0.1981     70.833   2.720565 -9.990e-29
   1492.750     0.1980     70.833   2.720559 -9.990e-29
   1493.000     0.1979     70.834   2.720546 -9.990e-29
   1493.250     0.1978     70.835   2.720528 -9.990e-29
   1493.500     0.1976     70.837   2.720508 -9.990e-29
   1493.750     0.1973     70.838   2.720492 -9.990e-29
   1494.000     0.1971     70.839   2.720479 -9.990e-29
   1494.250     0.1969     70.841   2.720469 -9.990e-29
   1494.500     0.1967     70.842   2.720460 -9.990e-29
   1494.750     0.1965     70.843   2.720454 -9.990e-29
   1495.000     0.1964     70.843   2.720450 -9.990e-29
   1495.250     0.1963     70.844   2.720447 -9.990e-29
   1495.500     0.1962     70.844   2.720444 -9.990e-29
   1495.750     0.1962     70.844   2.720442 -9.990e-29
   1496.000     0.1962     70.843   2.720438 -9.990e-29
   1496.250     0.1961     70.842   2.720434 -9.990e-29
   1496.500     0.1961     70.841   2.720432 -9.990e-29
   1496.750     0.1961     70.840   2.720433 -9.990e-29
   1497.000     0.1960     70.839   2.720436 -9.990e-29
   1497.250     0.1960     70.839   2.720443 -9.990e-29
   1497.500     0.1960     70.838   2.720453 -9.990e-29
   1497.750     0.1961     70.838   2.720461 -9.990e-29
   1498.000     0.1961     70.838   2.720469 -9.990e-29
   1498.250     0.1962     70.838   2.720477 -9.990e-29
   1498.500     0.1962     70.839   2.720483 -9.990e-29
   1498.750     0.1963     70.840   2.720484 -9.990e-29
   1499.000     0.1963     70.842   2.720479 -9.990e-29
   1499.250     0.1963     70.844   2.720469 -9.990e-29
   1499.500     0.1963     70.845   2.720459 -9.990e-29
   1499.750     0.1962     70.847   2.720452 -9.990e-29
