inst/extdata/ex_data/ctm_upcast_ex.cnv
* Sea-Bird SBE19plus  Data File:
* FileName = C:\CTD\202101_162_L2\2021_07_02\2021_07_02_0005.hex
* Software version 2.8.0.119
* Temperature SN = 8102
* Conductivity SN = 8102
* System UpLoad Time = Jul 02 2021 18:15:39
** Longitude: 171 17.6496 W
** Latitude: 59 58.3938 N
** ship: 162
** station: P-22
** depth: 68
** Longitude: 171 17.6496 W
** Latitude: 59 58.3938 N
** ship: 162
** station: P-22
** depth: 68
# nquan = 10                                
# nvalues = 965                         
# units = specified
# name 0 = timeS: Time, Elapsed [seconds]
# name 1 = tv290C: Temperature [ITS-90, deg C]
# name 2 = prdM: Pressure, Strain Gauge [db]
# name 3 = c0S/m: Conductivity [S/m]
# name 4 = depSM: Depth [salt water, m], lat = 56
# name 5 = sal00: Salinity, Practical [PSU]
# name 6 = svCM: Sound Velocity [Chen-Millero, m/s]
# name 7 = gsw_saA0: Absolute Salinity [g/kg]
# name 8 = gsw_densityA0: density, TEOS-10 [density, kg/m^3]
# name 9 = flag: flag
# span 0 =   2258.000,   2499.000       
# span 1 =     2.4483,     7.4456       
# span 2 =      0.511,     68.422       
# span 3 =   2.903738,   3.314000       
# span 4 =      0.506,     67.788       
# span 5 =    32.1926,    32.3994       
# span 6 =    1457.20,    1476.93       
# span 7 =    32.3457,    32.5535       
# span 8 =  1025.1658,  1026.1278       
# span 9 = 0.0000e+00, 0.0000e+00       
# interval = seconds: 0.25
# start_time = Jul 02 2021 17:12:39 [Instrument's time stamp, header]
# bad_flag = -9.990e-29
*END*
[from data line 721]
   2438.250     6.1138     16.783   3.199142     16.630    32.2114    1471.95    32.3645  1025.4156 0.0000e+00
   2438.500     6.0772     16.752   3.194810     16.599    32.1979    1471.79    32.3509  1025.4092 0.0000e+00
   2438.750     6.0443     16.720   3.191540     16.567    32.1926    1471.65    32.3457  1025.4089 0.0000e+00
   2439.000     6.0150     16.687   3.189098     16.534    32.1932    1471.53    32.3462  1025.4128 0.0000e+00
   2439.250     5.9872     16.653   3.187080     16.501    32.1971    1471.43    32.3501  1025.4191 0.0000e+00
   2439.500     5.9605     16.618   3.185204     16.466    32.2015    1471.32    32.3546  1025.4256 0.0000e+00
   2439.750     5.9354     16.581   3.183288     16.429    32.2040    1471.23    32.3571  1025.4304 0.0000e+00
   2440.000     5.9113     16.544   3.181272     16.393    32.2043    1471.13    32.3574  1025.4335 0.0000e+00
   2440.250     5.8863     16.504   3.179140     16.353    32.2043    1471.03    32.3574  1025.4362 0.0000e+00
   2440.500     5.8598     16.463   3.177043     16.313    32.2060    1470.92    32.3591  1025.4406 0.0000e+00
   2440.750     5.8345     16.420   3.175027     16.270    32.2075    1470.82    32.3606  1025.4446 0.0000e+00
   2441.000     5.8152     16.375   3.173150     16.225    32.2049    1470.74    32.3580  1025.4446 0.0000e+00
   2441.250     5.8057     16.328   3.171938     16.179    32.2004    1470.70    32.3534  1025.4419 0.0000e+00
   2441.500     5.8062     16.279   3.171834     16.130    32.1987    1470.70    32.3518  1025.4404 0.0000e+00
   2441.750     5.8154     16.225   3.172980     16.077    32.2029    1470.74    32.3559  1025.4423 0.0000e+00
   2442.000     5.8320     16.167   3.175097     16.019    32.2108    1470.81    32.3639  1025.4463 0.0000e+00
   2442.250     5.8547     16.105   3.177534     15.958    32.2166    1470.91    32.3697  1025.4479 0.0000e+00
   2442.500     5.8825     16.040   3.180237     15.893    32.2204    1471.03    32.3736  1025.4473 0.0000e+00
   2442.750     5.9130     15.971   3.183441     15.825    32.2273    1471.16    32.3805  1025.4487 0.0000e+00
   2443.000     5.9434     15.901   3.186800     15.756    32.2360    1471.29    32.3892  1025.4516 0.0000e+00
   2443.250     5.9723     15.831   3.189794     15.686    32.2420    1471.41    32.3953  1025.4525 0.0000e+00
   2443.500     5.9986     15.761   3.192299     15.617    32.2450    1471.52    32.3983  1025.4514 0.0000e+00
   2443.750     6.0219     15.691   3.194380     15.548    32.2462    1471.61    32.3994  1025.4491 0.0000e+00
   2444.000     6.0436     15.622   3.196096     15.479    32.2447    1471.70    32.3980  1025.4450 0.0000e+00
   2444.250     6.0656     15.555   3.197666     15.413    32.2414    1471.78    32.3946  1025.4394 0.0000e+00
   2444.500     6.0888     15.489   3.199432     15.347    32.2390    1471.87    32.3922  1025.4344 0.0000e+00
   2444.750     6.1121     15.425   3.201484     15.284    32.2398    1471.96    32.3930  1025.4319 0.0000e+00
   2445.000     6.1362     15.363   3.203596     15.223    32.2405    1472.05    32.3937  1025.4291 0.0000e+00
   2445.250     6.1624     15.303   3.205689     15.163    32.2389    1472.16    32.3921  1025.4244 0.0000e+00
   2445.500     6.1920     15.246   3.207969     15.107    32.2362    1472.27    32.3894  1025.4184 0.0000e+00
   2445.750     6.2246     15.191   3.210744     15.052    32.2362    1472.40    32.3894  1025.4141 0.0000e+00
   2446.000     6.2589     15.138   3.213980     15.000    32.2397    1472.54    32.3929  1025.4123 0.0000e+00
   2446.250     6.2936     15.086   3.217202     14.948    32.2426    1472.68    32.3958  1025.4100 0.0000e+00
   2446.500     6.3269     15.033   3.220205     14.896    32.2444    1472.81    32.3976  1025.4070 0.0000e+00
   2446.750     6.3570     14.978   3.222939     14.841    32.2462    1472.93    32.3995  1025.4045 0.0000e+00
   2447.000     6.3828     14.921   3.225181     14.785    32.2467    1473.03    32.3999  1025.4013 0.0000e+00
   2447.250     6.4059     14.862   3.227045     14.726    32.2455    1473.12    32.3987  1025.3972 0.0000e+00
   2447.500     6.4285     14.800   3.228831     14.665    32.2439    1473.21    32.3971  1025.3928 0.0000e+00
   2447.750     6.4510     14.737   3.230618     14.602    32.2424    1473.30    32.3956  1025.3885 0.0000e+00
   2448.000     6.4727     14.674   3.232389     14.540    32.2415    1473.38    32.3947  1025.3847 0.0000e+00
   2448.250     6.4937     14.612   3.234079     14.479    32.2404    1473.46    32.3936  1025.3809 0.0000e+00
   2448.500     6.5146     14.552   3.235660     14.419    32.2381    1473.54    32.3913  1025.3762 0.0000e+00
   2448.750     6.5347     14.495   3.237280     14.363    32.2370    1473.61    32.3902  1025.3725 0.0000e+00
   2449.000     6.5528     14.442   3.238946     14.310    32.2384    1473.69    32.3915  1025.3710 0.0000e+00
   2449.250     6.5682     14.391   3.240343     14.260    32.2393    1473.75    32.3924  1025.3695 0.0000e+00
   2449.500     6.5803     14.340   3.241296     14.209    32.2384    1473.79    32.3915  1025.3670 0.0000e+00
   2449.750     6.5891     14.288   3.241878     14.157    32.2365    1473.83    32.3897  1025.3642 0.0000e+00
   2450.000     6.5952     14.233   3.242199     14.103    32.2343    1473.85    32.3875  1025.3614 0.0000e+00
   2450.250     6.5995     14.175   3.242346     14.046    32.2319    1473.86    32.3851  1025.3587 0.0000e+00
   2450.500     6.6029     14.113   3.242390     13.984    32.2292    1473.87    32.3823  1025.3559 0.0000e+00
   2450.750     6.6060     14.047   3.242401     13.919    32.2265    1473.88    32.3796  1025.3530 0.0000e+00
   2451.000     6.6088     13.977   3.242410     13.849    32.2240    1473.88    32.3770  1025.3503 0.0000e+00
   2451.250     6.6112     13.902   3.242419     13.775    32.2218    1473.89    32.3749  1025.3480 0.0000e+00
   2451.500     6.6134     13.822   3.242430     13.696    32.2199    1473.89    32.3730  1025.3458 0.0000e+00
   2451.750     6.6161     13.737   3.242461     13.612    32.2177    1473.90    32.3708  1025.3434 0.0000e+00
   2452.000     6.6199     13.648   3.242567     13.523    32.2154    1473.91    32.3684  1025.3406 0.0000e+00
   2452.250     6.6252     13.556   3.242825     13.432    32.2133    1473.93    32.3663  1025.3378 0.0000e+00
   2452.500     6.6316     13.460   3.243317     13.337    32.2127    1473.95    32.3657  1025.3361 0.0000e+00
   2452.750     6.6377     13.361   3.243981     13.239    32.2143    1473.97    32.3673  1025.3362 0.0000e+00
   2453.000     6.6432     13.260   3.244604     13.139    32.2160    1474.00    32.3691  1025.3363 0.0000e+00
   2453.250     6.6489     13.158   3.245136     13.038    32.2166    1474.02    32.3696  1025.3356 0.0000e+00
   2453.500     6.6555     13.053   3.245668     12.934    32.2163    1474.04    32.3693  1025.3340 0.0000e+00
   2453.750     6.6635     12.947   3.246299     12.829    32.2157    1474.07    32.3687  1025.3320 0.0000e+00
   2454.000     6.6731     12.841   3.247096     12.724    32.2155    1474.11    32.3685  1025.3301 0.0000e+00
   2454.250     6.6848     12.735   3.248073     12.619    32.2153    1474.15    32.3683  1025.3280 0.0000e+00
   2454.500     6.6987     12.632   3.249285     12.517    32.2156    1474.20    32.3686  1025.3259 0.0000e+00
   2454.750     6.7154     12.530   3.250734     12.416    32.2158    1474.27    32.3688  1025.3235 0.0000e+00
   2455.000     6.7353     12.430   3.252424     12.317    32.2157    1474.34    32.3687  1025.3203 0.0000e+00
   2455.250     6.7595     12.331   3.254457     12.218    32.2153    1474.44    32.3683  1025.3164 0.0000e+00
   2455.500     6.7882     12.232   3.256959     12.120    32.2158    1474.55    32.3688  1025.3127 0.0000e+00
   2455.750     6.8206     12.133   3.260034     12.022    32.2191    1474.68    32.3722  1025.3106 0.0000e+00
   2456.000     6.8548     12.033   3.263587     11.923    32.2260    1474.82    32.3790  1025.3110 0.0000e+00
   2456.250     6.8877     11.933   3.267177     11.824    32.2344    1474.96    32.3875  1025.3129 0.0000e+00
   2456.500     6.9170     11.834   3.270292     11.726    32.2410    1475.08    32.3941  1025.3138 0.0000e+00
   2456.750     6.9411     11.735   3.272666     11.628    32.2444    1475.17    32.3975  1025.3128 0.0000e+00
   2457.000     6.9597     11.637   3.274267     11.531    32.2445    1475.24    32.3976  1025.3100 0.0000e+00
   2457.250     6.9728     11.541   3.275190     11.436    32.2423    1475.29    32.3954  1025.3061 0.0000e+00
   2457.500     6.9808     11.447   3.275588     11.343    32.2392    1475.32    32.3923  1025.3021 0.0000e+00
   2457.750     6.9848     11.354   3.275562     11.250    32.2352    1475.33    32.3883  1025.2980 0.0000e+00
   2458.000     6.9856     11.264   3.275147     11.161    32.2300    1475.32    32.3830  1025.2934 0.0000e+00
   2458.250     6.9837     11.176   3.274473     11.074    32.2245    1475.31    32.3775  1025.2889 0.0000e+00
   2458.500     6.9799     11.091   3.273722     10.990    32.2199    1475.28    32.3728  1025.2854 0.0000e+00
   2458.750     6.9750     11.007   3.272932     10.907    32.2159    1475.26    32.3688  1025.2825 0.0000e+00
   2459.000     6.9703     10.925   3.272128     10.825    32.2115    1475.23    32.3645  1025.2793 0.0000e+00
   2459.250     6.9670     10.844   3.271473     10.745    32.2075    1475.21    32.3604  1025.2762 0.0000e+00
   2459.500     6.9656     10.764   3.271118     10.666    32.2050    1475.20    32.3579  1025.2741 0.0000e+00
   2459.750     6.9666     10.684   3.271095     10.587    32.2039    1475.20    32.3567  1025.2727 0.0000e+00
   2460.000     6.9707     10.603   3.271396     10.506    32.2033    1475.22    32.3562  1025.2713 0.0000e+00
   2460.250     6.9787     10.522   3.272040     10.426    32.2029    1475.25    32.3558  1025.2696 0.0000e+00
   2460.500     6.9918     10.442   3.273076     10.347    32.2020    1475.30    32.3549  1025.2667 0.0000e+00
   2460.750     7.0113     10.363   3.274664     10.268    32.2011    1475.37    32.3540  1025.2631 0.0000e+00
   2461.000     7.0362     10.284   3.277083     10.190    32.2042    1475.47    32.3571  1025.2618 0.0000e+00
   2461.250     7.0639     10.207   3.280327     10.114    32.2137    1475.59    32.3666  1025.2652 0.0000e+00
   2461.500     7.0906     10.129   3.283701     10.037    32.2254    1475.71    32.3784  1025.2706 0.0000e+00
   2461.750     7.1137     10.049   3.286422      9.957    32.2335    1475.80    32.3865  1025.2735 0.0000e+00
   2462.000     7.1317      9.967   3.288258      9.876    32.2366    1475.88    32.3897  1025.2732 0.0000e+00
   2462.250     7.1442      9.884   3.289298      9.794    32.2363    1475.92    32.3893  1025.2708 0.0000e+00
   2462.500     7.1517      9.799   3.289701      9.710    32.2337    1475.95    32.3867  1025.2674 0.0000e+00
   2462.750     7.1558      9.712   3.289629      9.623    32.2291    1475.96    32.3821  1025.2629 0.0000e+00
   2463.000     7.1576      9.625   3.289296      9.537    32.2239    1475.96    32.3768  1025.2581 0.0000e+00
   2463.250     7.1587      9.538   3.288931      9.451    32.2189    1475.95    32.3719  1025.2536 0.0000e+00
   2463.500     7.1604      9.450   3.288677      9.364    32.2146    1475.95    32.3675  1025.2496 0.0000e+00
   2463.750     7.1631      9.361   3.288642      9.276    32.2118    1475.96    32.3647  1025.2466 0.0000e+00
   2464.000     7.1672      9.269   3.288893      9.184    32.2107    1475.97    32.3636  1025.2448 0.0000e+00
   2464.250     7.1717      9.176   3.289361      9.092    32.2116    1475.99    32.3645  1025.2445 0.0000e+00
   2464.500     7.1759      9.080   3.289831      8.997    32.2129    1476.00    32.3658  1025.2444 0.0000e+00
   2464.750     7.1792      8.983   3.290158      8.901    32.2134    1476.02    32.3663  1025.2439 0.0000e+00
   2465.000     7.1815      8.885   3.290353      8.804    32.2134    1476.02    32.3663  1025.2432 0.0000e+00
   2465.250     7.1833      8.789   3.290466      8.709    32.2130    1476.03    32.3659  1025.2422 0.0000e+00
   2465.500     7.1846      8.695   3.290529      8.616    32.2125    1476.03    32.3654  1025.2412 0.0000e+00
   2465.750     7.1859      8.602   3.290575      8.524    32.2118    1476.03    32.3647  1025.2401 0.0000e+00
   2466.000     7.1872      8.513   3.290630      8.435    32.2112    1476.04    32.3641  1025.2390 0.0000e+00
   2466.250     7.1890      8.427   3.290713      8.350    32.2105    1476.04    32.3634  1025.2378 0.0000e+00
   2466.500     7.1909      8.344   3.290839      8.268    32.2101    1476.05    32.3630  1025.2369 0.0000e+00
   2466.750     7.1932      8.262   3.291007      8.187    32.2099    1476.05    32.3627  1025.2360 0.0000e+00
   2467.000     7.1960      8.181   3.291207      8.106    32.2095    1476.06    32.3623  1025.2349 0.0000e+00
   2467.250     7.1992      8.102   3.291444      8.028    32.2091    1476.07    32.3619  1025.2338 0.0000e+00
   2467.500     7.2031      8.025   3.291738      7.952    32.2087    1476.09    32.3615  1025.2326 0.0000e+00
   2467.750     7.2072      7.950   3.292098      7.878    32.2088    1476.10    32.3616  1025.2318 0.0000e+00
   2468.000     7.2111      7.877   3.292492      7.805    32.2094    1476.12    32.3623  1025.2315 0.0000e+00
   2468.250     7.2143      7.804   3.292856      7.733    32.2104    1476.13    32.3633  1025.2315 0.0000e+00
   2468.500     7.2170      7.732   3.293145      7.661    32.2111    1476.14    32.3640  1025.2313 0.0000e+00
   2468.750     7.2189      7.659   3.293345      7.589    32.2115    1476.15    32.3644  1025.2310 0.0000e+00
   2469.000     7.2201      7.581   3.293459      7.512    32.2117    1476.15    32.3646  1025.2306 0.0000e+00
   2469.250     7.2206      7.499   3.293500      7.431    32.2117    1476.15    32.3646  1025.2302 0.0000e+00
   2469.500     7.2203      7.413   3.293472      7.345    32.2117    1476.15    32.3646  1025.2299 0.0000e+00
   2469.750     7.2193      7.322   3.293367      7.255    32.2115    1476.14    32.3644  1025.2295 0.0000e+00
   2470.000     7.2175      7.228   3.293170      7.162    32.2111    1476.13    32.3640  1025.2289 0.0000e+00
   2470.250     7.2153      7.130   3.292883      7.065    32.2101    1476.12    32.3630  1025.2280 0.0000e+00
   2470.500     7.2130      7.028   3.292555      6.964    32.2088    1476.11    32.3616  1025.2267 0.0000e+00
   2470.750     7.2112      6.924   3.292259      6.861    32.2073    1476.10    32.3601  1025.2253 0.0000e+00
   2471.000     7.2096      6.817   3.292049      6.755    32.2065    1476.09    32.3594  1025.2245 0.0000e+00
   2471.250     7.2084      6.706   3.291918      6.645    32.2063    1476.08    32.3591  1025.2239 0.0000e+00
   2471.500     7.2072      6.594   3.291824      6.534    32.2064    1476.08    32.3593  1025.2237 0.0000e+00
   2471.750     7.2058      6.482   3.291735      6.423    32.2068    1476.07    32.3597  1025.2237 0.0000e+00
   2472.000     7.2043      6.370   3.291622      6.312    32.2071    1476.06    32.3599  1025.2236 0.0000e+00
   2472.250     7.2026      6.261   3.291477      6.204    32.2071    1476.05    32.3600  1025.2233 0.0000e+00
   2472.500     7.2009      6.155   3.291312      6.099    32.2070    1476.05    32.3598  1025.2229 0.0000e+00
   2472.750     7.1993      6.055   3.291143      6.000    32.2067    1476.04    32.3595  1025.2225 0.0000e+00
   2473.000     7.1980      5.961   3.291007      5.907    32.2065    1476.03    32.3593  1025.2220 0.0000e+00
   2473.250     7.1970      5.873   3.290920      5.819    32.2065    1476.03    32.3593  1025.2218 0.0000e+00
   2473.500     7.1963      5.793   3.290868      5.740    32.2066    1476.02    32.3594  1025.2216 0.0000e+00
   2473.750     7.1958      5.718   3.290839      5.666    32.2068    1476.02    32.3596  1025.2215 0.0000e+00
