inst/extdata/ex_data/ctm_downcast_ex.cnv
* Sea-Bird SBE19plus  Data File:
* FileName = C:\CTD\202101_162_L2\2021_07_02\2021_07_02_0005.hex
* Software version 2.8.0.119
* Temperature SN = 8102
* Conductivity SN = 8102
* System UpLoad Time = Jul 02 2021 18:15:39
** Longitude: 171 17.6496 W
** Latitude: 59 58.3938 N
** ship: 162
** station: P-22
** depth: 68
** Longitude: 171 17.6496 W
** Latitude: 59 58.3938 N
** ship: 162
** station: P-22
** depth: 68
# nquan = 10                                
# nvalues = 1236                        
# units = specified
# name 0 = timeS: Time, Elapsed [seconds]
# name 1 = tv290C: Temperature [ITS-90, deg C]
# name 2 = prdM: Pressure, Strain Gauge [db]
# name 3 = c0S/m: Conductivity [S/m]
# name 4 = depSM: Depth [salt water, m], lat = 56
# name 5 = sal00: Salinity, Practical [PSU]
# name 6 = svCM: Sound Velocity [Chen-Millero, m/s]
# name 7 = gsw_saA0: Absolute Salinity [g/kg]
# name 8 = gsw_densityA0: density, TEOS-10 [density, kg/m^3]
# name 9 = flag: flag
# span 0 =    166.500,    475.250       
# span 1 =     2.0763,     7.5346       
# span 2 =      0.516,     68.349       
# span 3 =   2.872577,   3.322846       
# span 4 =      0.511,     67.716       
# span 5 =    32.0772,    32.3314       
# span 6 =    1455.63,    1477.29       
# span 7 =    32.2299,    32.4869       
# span 8 =  1025.1653,  1026.1534       
# span 9 = 0.0000e+00, 0.0000e+00       
# interval = seconds: 0.25
# start_time = Jul 02 2021 17:12:39 [Instrument's time stamp, header]
# bad_flag = -9.990e-29
*END*
[from data line 1010]
    419.000     2.0830     60.232   2.873731     59.675    32.3284    1455.93    32.4862  1026.1155 0.0000e+00
    419.250     2.0830     60.306   2.873741     59.748    32.3285    1455.93    32.4863  1026.1159 0.0000e+00
    419.500     2.0831     60.380   2.873749     59.822    32.3284    1455.94    32.4863  1026.1163 0.0000e+00
    419.750     2.0831     60.452   2.873754     59.893    32.3285    1455.94    32.4863  1026.1166 0.0000e+00
    420.000     2.0832     60.524   2.873758     59.964    32.3284    1455.94    32.4862  1026.1169 0.0000e+00
    420.250     2.0832     60.595   2.873760     60.035    32.3284    1455.94    32.4862  1026.1172 0.0000e+00
    420.500     2.0832     60.667   2.873762     60.106    32.3283    1455.94    32.4862  1026.1176 0.0000e+00
    420.750     2.0832     60.739   2.873765     60.177    32.3283    1455.94    32.4862  1026.1179 0.0000e+00
    421.000     2.0832     60.811   2.873769     60.249    32.3284    1455.94    32.4863  1026.1183 0.0000e+00
    421.250     2.0833     60.882   2.873775     60.319    32.3283    1455.94    32.4862  1026.1185 0.0000e+00
    421.500     2.0833     60.952   2.873783     60.388    32.3284    1455.95    32.4863  1026.1189 0.0000e+00
    421.750     2.0834     61.023   2.873793     60.459    32.3283    1455.95    32.4863  1026.1192 0.0000e+00
    422.000     2.0835     61.094   2.873807     60.529    32.3284    1455.95    32.4863  1026.1196 0.0000e+00
    422.250     2.0837     61.165   2.873822     60.599    32.3283    1455.95    32.4862  1026.1199 0.0000e+00
    422.500     2.0838     61.236   2.873838     60.670    32.3284    1455.95    32.4863  1026.1203 0.0000e+00
    422.750     2.0840     61.308   2.873853     60.741    32.3283    1455.95    32.4863  1026.1205 0.0000e+00
    423.000     2.0841     61.381   2.873869     60.813    32.3284    1455.96    32.4863  1026.1209 0.0000e+00
    423.250     2.0843     61.455   2.873888     60.887    32.3284    1455.96    32.4863  1026.1213 0.0000e+00
    423.500     2.0845     61.531   2.873906     60.962    32.3283    1455.96    32.4863  1026.1216 0.0000e+00
    423.750     2.0847     61.609   2.873924     61.039    32.3283    1455.96    32.4863  1026.1219 0.0000e+00
    424.000     2.0849     61.691   2.873945     61.120    32.3283    1455.96    32.4863  1026.1223 0.0000e+00
    424.250     2.0851     61.776   2.873970     61.205    32.3284    1455.97    32.4864  1026.1228 0.0000e+00
    424.500     2.0853     61.862   2.873996     61.290    32.3285    1455.97    32.4865  1026.1232 0.0000e+00
    424.750     2.0855     61.950   2.874017     61.377    32.3285    1455.97    32.4865  1026.1236 0.0000e+00
    425.000     2.0856     62.037   2.874031     61.463    32.3285    1455.97    32.4865  1026.1241 0.0000e+00
    425.250     2.0857     62.123   2.874040     61.548    32.3285    1455.98    32.4865  1026.1245 0.0000e+00
    425.500     2.0858     62.206   2.874043     61.631    32.3283    1455.98    32.4864  1026.1248 0.0000e+00
    425.750     2.0858     62.286   2.874044     61.710    32.3283    1455.98    32.4864  1026.1251 0.0000e+00
    426.000     2.0858     62.363   2.874045     61.786    32.3283    1455.98    32.4864  1026.1255 0.0000e+00
    426.250     2.0858     62.437   2.874048     61.859    32.3283    1455.98    32.4864  1026.1258 0.0000e+00
    426.500     2.0859     62.508   2.874054     61.930    32.3282    1455.98    32.4863  1026.1261 0.0000e+00
    426.750     2.0859     62.577   2.874063     61.998    32.3283    1455.98    32.4864  1026.1265 0.0000e+00
    427.000     2.0860     62.645   2.874074     62.066    32.3283    1455.98    32.4864  1026.1268 0.0000e+00
    427.250     2.0861     62.712   2.874087     62.132    32.3283    1455.99    32.4864  1026.1271 0.0000e+00
    427.500     2.0862     62.777   2.874098     62.196    32.3283    1455.99    32.4864  1026.1274 0.0000e+00
    427.750     2.0862     62.841   2.874107     62.260    32.3284    1455.99    32.4865  1026.1278 0.0000e+00
    428.000     2.0863     62.904   2.874113     62.322    32.3283    1455.99    32.4865  1026.1281 0.0000e+00
    428.250     2.0863     62.966   2.874117     62.384    32.3283    1455.99    32.4865  1026.1284 0.0000e+00
    428.500     2.0863     63.028   2.874119     62.445    32.3283    1455.99    32.4865  1026.1287 0.0000e+00
    428.750     2.0863     63.091   2.874122     62.507    32.3283    1455.99    32.4865  1026.1290 0.0000e+00
    429.000     2.0864     63.153   2.874124     62.569    32.3282    1455.99    32.4864  1026.1292 0.0000e+00
    429.250     2.0864     63.217   2.874127     62.632    32.3282    1456.00    32.4864  1026.1295 0.0000e+00
    429.500     2.0865     63.282   2.874132     62.697    32.3282    1456.00    32.4863  1026.1297 0.0000e+00
    429.750     2.0865     63.349   2.874139     62.763    32.3282    1456.00    32.4864  1026.1301 0.0000e+00
    430.000     2.0866     63.417   2.874149     62.830    32.3282    1456.00    32.4864  1026.1304 0.0000e+00
    430.250     2.0866     63.487   2.874157     62.900    32.3283    1456.00    32.4864  1026.1308 0.0000e+00
    430.500     2.0867     63.558   2.874163     62.970    32.3282    1456.00    32.4864  1026.1311 0.0000e+00
    430.750     2.0867     63.630   2.874169     63.041    32.3282    1456.00    32.4864  1026.1314 0.0000e+00
    431.000     2.0868     63.700   2.874177     63.111    32.3282    1456.01    32.4864  1026.1317 0.0000e+00
    431.250     2.0869     63.770   2.874187     63.180    32.3282    1456.01    32.4864  1026.1320 0.0000e+00
    431.500     2.0870     63.838   2.874202     63.247    32.3282    1456.01    32.4864  1026.1324 0.0000e+00
    431.750     2.0871     63.904   2.874216     63.313    32.3282    1456.01    32.4865  1026.1327 0.0000e+00
    432.000     2.0872     63.967   2.874227     63.375    32.3282    1456.01    32.4865  1026.1330 0.0000e+00
    432.250     2.0873     64.029   2.874236     63.437    32.3282    1456.01    32.4865  1026.1333 0.0000e+00
    432.500     2.0873     64.090   2.874243     63.497    32.3283    1456.01    32.4865  1026.1336 0.0000e+00
    432.750     2.0874     64.149   2.874248     63.555    32.3282    1456.02    32.4865  1026.1339 0.0000e+00
    433.000     2.0874     64.207   2.874253     63.613    32.3282    1456.02    32.4865  1026.1342 0.0000e+00
    433.250     2.0875     64.265   2.874258     63.670    32.3282    1456.02    32.4864  1026.1344 0.0000e+00
    433.500     2.0875     64.321   2.874265     63.726    32.3282    1456.02    32.4865  1026.1347 0.0000e+00
    433.750     2.0876     64.378   2.874275     63.782    32.3282    1456.02    32.4865  1026.1350 0.0000e+00
    434.000     2.0876     64.433   2.874285     63.837    32.3283    1456.02    32.4866  1026.1353 0.0000e+00
    434.250     2.0877     64.487   2.874295     63.890    32.3283    1456.02    32.4866  1026.1355 0.0000e+00
    434.500     2.0879     64.540   2.874306     63.943    32.3282    1456.02    32.4865  1026.1357 0.0000e+00
    434.750     2.0880     64.592   2.874319     63.994    32.3282    1456.03    32.4865  1026.1360 0.0000e+00
    435.000     2.0881     64.644   2.874334     64.046    32.3283    1456.03    32.4866  1026.1363 0.0000e+00
    435.250     2.0883     64.694   2.874349     64.095    32.3282    1456.03    32.4866  1026.1364 0.0000e+00
    435.500     2.0884     64.743   2.874366     64.144    32.3283    1456.03    32.4867  1026.1367 0.0000e+00
    435.750     2.0886     64.791   2.874383     64.191    32.3283    1456.03    32.4866  1026.1369 0.0000e+00
    436.000     2.0887     64.838   2.874398     64.238    32.3284    1456.03    32.4867  1026.1372 0.0000e+00
    436.250     2.0888     64.885   2.874407     64.284    32.3284    1456.03    32.4867  1026.1374 0.0000e+00
    436.500     2.0889     64.932   2.874413     64.331    32.3283    1456.03    32.4866  1026.1376 0.0000e+00
    436.750     2.0890     64.979   2.874416     64.378    32.3282    1456.04    32.4866  1026.1377 0.0000e+00
    437.000     2.0890     65.026   2.874419     64.424    32.3282    1456.04    32.4866  1026.1380 0.0000e+00
    437.250     2.0891     65.073   2.874422     64.471    32.3281    1456.04    32.4865  1026.1381 0.0000e+00
    437.500     2.0891     65.120   2.874426     64.517    32.3282    1456.04    32.4865  1026.1384 0.0000e+00
    437.750     2.0891     65.166   2.874431     64.563    32.3282    1456.04    32.4866  1026.1386 0.0000e+00
    438.000     2.0891     65.213   2.874437     64.609    32.3282    1456.04    32.4866  1026.1389 0.0000e+00
    438.250     2.0892     65.259   2.874442     64.655    32.3282    1456.04    32.4866  1026.1390 0.0000e+00
    438.500     2.0892     65.306   2.874446     64.701    32.3282    1456.04    32.4866  1026.1393 0.0000e+00
    438.750     2.0892     65.352   2.874451     64.747    32.3282    1456.04    32.4866  1026.1395 0.0000e+00
    439.000     2.0893     65.399   2.874457     64.794    32.3282    1456.04    32.4866  1026.1397 0.0000e+00
    439.250     2.0894     65.445   2.874465     64.839    32.3282    1456.05    32.4866  1026.1399 0.0000e+00
    439.500     2.0895     65.491   2.874473     64.885    32.3281    1456.05    32.4865  1026.1401 0.0000e+00
    439.750     2.0895     65.536   2.874479     64.929    32.3282    1456.05    32.4866  1026.1404 0.0000e+00
    440.000     2.0896     65.581   2.874483     64.974    32.3281    1456.05    32.4865  1026.1405 0.0000e+00
    440.250     2.0897     65.626   2.874486     65.018    32.3280    1456.05    32.4864  1026.1406 0.0000e+00
    440.500     2.0897     65.669   2.874488     65.061    32.3280    1456.05    32.4864  1026.1408 0.0000e+00
    440.750     2.0897     65.711   2.874490     65.103    32.3280    1456.05    32.4864  1026.1410 0.0000e+00
    441.000     2.0897     65.751   2.874492     65.142    32.3280    1456.05    32.4865  1026.1412 0.0000e+00
    441.250     2.0897     65.788   2.874495     65.179    32.3280    1456.05    32.4865  1026.1414 0.0000e+00
    441.500     2.0897     65.823   2.874499     65.214    32.3281    1456.05    32.4865  1026.1416 0.0000e+00
    441.750     2.0898     65.855   2.874502     65.245    32.3280    1456.05    32.4864  1026.1417 0.0000e+00
    442.000     2.0898     65.885   2.874504     65.275    32.3280    1456.05    32.4864  1026.1419 0.0000e+00
    442.250     2.0898     65.912   2.874505     65.302    32.3280    1456.05    32.4864  1026.1420 0.0000e+00
    442.500     2.0898     65.937   2.874506     65.327    32.3280    1456.05    32.4864  1026.1421 0.0000e+00
    442.750     2.0898     65.961   2.874506     65.350    32.3280    1456.05    32.4864  1026.1422 0.0000e+00
    443.000     2.0898     65.984   2.874502     65.373    32.3279    1456.06    32.4864  1026.1423 0.0000e+00
    443.250     2.0897     66.007   2.874496     65.396    32.3279    1456.06    32.4864  1026.1424 0.0000e+00
    443.500     2.0896     66.031   2.874488     65.420    32.3279    1456.06    32.4864  1026.1425 0.0000e+00
    443.750     2.0895     66.056   2.874480     65.444    32.3279    1456.06    32.4864  1026.1426 0.0000e+00
    444.000     2.0894     66.084   2.874476     65.472    32.3279    1456.06    32.4864  1026.1428 0.0000e+00
    444.250     2.0893     66.114   2.874474     65.502    32.3280    1456.06    32.4865  1026.1430 0.0000e+00
    444.500     2.0893     66.146   2.874476     65.534    32.3280    1456.06    32.4865  1026.1432 0.0000e+00
    444.750     2.0894     66.180   2.874480     65.567    32.3279    1456.06    32.4864  1026.1433 0.0000e+00
    445.000     2.0894     66.216   2.874488     65.603    32.3280    1456.06    32.4865  1026.1435 0.0000e+00
    445.250     2.0895     66.252   2.874498     65.639    32.3280    1456.06    32.4865  1026.1437 0.0000e+00
    445.500     2.0896     66.290   2.874508     65.676    32.3280    1456.06    32.4865  1026.1438 0.0000e+00
    445.750     2.0897     66.329   2.874514     65.715    32.3280    1456.06    32.4865  1026.1440 0.0000e+00
    446.000     2.0897     66.368   2.874516     65.753    32.3280    1456.06    32.4865  1026.1442 0.0000e+00
    446.250     2.0896     66.407   2.874515     65.792    32.3280    1456.06    32.4866  1026.1444 0.0000e+00
    446.500     2.0896     66.446   2.874510     65.831    32.3280    1456.06    32.4865  1026.1446 0.0000e+00
    446.750     2.0895     66.484   2.874505     65.868    32.3280    1456.06    32.4865  1026.1448 0.0000e+00
    447.000     2.0895     66.521   2.874501     65.905    32.3279    1456.06    32.4864  1026.1449 0.0000e+00
    447.250     2.0894     66.557   2.874498     65.941    32.3280    1456.06    32.4865  1026.1451 0.0000e+00
    447.500     2.0894     66.593   2.874499     65.976    32.3280    1456.06    32.4865  1026.1453 0.0000e+00
    447.750     2.0894     66.627   2.874503     66.010    32.3280    1456.06    32.4865  1026.1455 0.0000e+00
    448.000     2.0895     66.661   2.874510     66.044    32.3280    1456.07    32.4865  1026.1456 0.0000e+00
    448.250     2.0895     66.695   2.874518     66.077    32.3280    1456.07    32.4866  1026.1458 0.0000e+00
    448.500     2.0896     66.730   2.874528     66.112    32.3280    1456.07    32.4866  1026.1460 0.0000e+00
    448.750     2.0897     66.764   2.874538     66.146    32.3280    1456.07    32.4866  1026.1461 0.0000e+00
    449.000     2.0898     66.799   2.874547     66.180    32.3280    1456.07    32.4866  1026.1463 0.0000e+00
    449.250     2.0898     66.834   2.874554     66.215    32.3281    1456.07    32.4866  1026.1465 0.0000e+00
    449.500     2.0899     66.869   2.874561     66.250    32.3281    1456.07    32.4866  1026.1466 0.0000e+00
    449.750     2.0899     66.903   2.874566     66.283    32.3281    1456.07    32.4867  1026.1468 0.0000e+00
    450.000     2.0899     66.936   2.874570     66.316    32.3281    1456.07    32.4867  1026.1470 0.0000e+00
    450.250     2.0900     66.969   2.874573     66.349    32.3281    1456.07    32.4866  1026.1471 0.0000e+00
    450.500     2.0900     67.000   2.874575     66.380    32.3281    1456.07    32.4866  1026.1473 0.0000e+00
    450.750     2.0900     67.030   2.874579     66.409    32.3281    1456.07    32.4867  1026.1474 0.0000e+00
    451.000     2.0901     67.059   2.874584     66.438    32.3280    1456.07    32.4866  1026.1475 0.0000e+00
    451.250     2.0902     67.086   2.874591     66.465    32.3280    1456.08    32.4866  1026.1476 0.0000e+00
    451.500     2.0903     67.112   2.874601     66.490    32.3280    1456.08    32.4866  1026.1477 0.0000e+00
    451.750     2.0904     67.136   2.874610     66.514    32.3280    1456.08    32.4866  1026.1478 0.0000e+00
    452.000     2.0904     67.160   2.874618     66.538    32.3281    1456.08    32.4867  1026.1480 0.0000e+00
    452.250     2.0905     67.184   2.874624     66.562    32.3281    1456.08    32.4867  1026.1481 0.0000e+00
    452.500     2.0905     67.207   2.874630     66.585    32.3281    1456.08    32.4867  1026.1483 0.0000e+00
    452.750     2.0906     67.230   2.874634     66.607    32.3281    1456.08    32.4867  1026.1483 0.0000e+00
    453.000     2.0906     67.253   2.874638     66.630    32.3281    1456.08    32.4867  1026.1485 0.0000e+00
    453.250     2.0907     67.275   2.874644     66.652    32.3281    1456.08    32.4867  1026.1485 0.0000e+00
    453.500     2.0907     67.296   2.874651     66.673    32.3281    1456.08    32.4867  1026.1487 0.0000e+00
    453.750     2.0908     67.316   2.874657     66.693    32.3281    1456.08    32.4867  1026.1487 0.0000e+00
    454.000     2.0908     67.336   2.874662     66.712    32.3281    1456.08    32.4868  1026.1489 0.0000e+00
    454.250     2.0908     67.356   2.874667     66.732    32.3282    1456.08    32.4868  1026.1490 0.0000e+00
    454.500     2.0909     67.374   2.874671     66.750    32.3281    1456.08    32.4867  1026.1490 0.0000e+00
