inst/extdata/ex_data/ctm_downcast_ex.cnv
* Sea-Bird SBE19plus  Data File:
* FileName = C:\CTD\202101_162_L2\2021_07_02\2021_07_02_0005.hex
* Software version 2.8.0.119
* Temperature SN = 8102
* Conductivity SN = 8102
* System UpLoad Time = Jul 02 2021 18:15:39
** Longitude: 171 17.6496 W
** Latitude: 59 58.3938 N
** ship: 162
** station: P-22
** depth: 68
** Longitude: 171 17.6496 W
** Latitude: 59 58.3938 N
** ship: 162
** station: P-22
** depth: 68
# nquan = 10                                
# nvalues = 1236                        
# units = specified
# name 0 = timeS: Time, Elapsed [seconds]
# name 1 = tv290C: Temperature [ITS-90, deg C]
# name 2 = prdM: Pressure, Strain Gauge [db]
# name 3 = c0S/m: Conductivity [S/m]
# name 4 = depSM: Depth [salt water, m], lat = 56
# name 5 = sal00: Salinity, Practical [PSU]
# name 6 = svCM: Sound Velocity [Chen-Millero, m/s]
# name 7 = gsw_saA0: Absolute Salinity [g/kg]
# name 8 = gsw_densityA0: density, TEOS-10 [density, kg/m^3]
# name 9 = flag: flag
# span 0 =    166.500,    475.250       
# span 1 =     2.0763,     7.5346       
# span 2 =      0.516,     68.349       
# span 3 =   2.872577,   3.322846       
# span 4 =      0.511,     67.716       
# span 5 =    32.0772,    32.3314       
# span 6 =    1455.63,    1477.29       
# span 7 =    32.2299,    32.4869       
# span 8 =  1025.1653,  1026.1534       
# span 9 = 0.0000e+00, 0.0000e+00       
# interval = seconds: 0.25
# start_time = Jul 02 2021 17:12:39 [Instrument's time stamp, header]
# bad_flag = -9.990e-29
*END*
[from data line 433]
    274.750     7.1294     10.591   3.286533     10.494    32.2197    1475.86    32.3727  1025.2631 0.0000e+00
    275.000     7.1291     10.649   3.286510     10.552    32.2198    1475.86    32.3727  1025.2634 0.0000e+00
    275.250     7.1288     10.704   3.286488     10.606    32.2198    1475.86    32.3727  1025.2637 0.0000e+00
    275.500     7.1285     10.756   3.286469     10.658    32.2198    1475.86    32.3728  1025.2640 0.0000e+00
    275.750     7.1283     10.806   3.286454     10.707    32.2198    1475.86    32.3728  1025.2643 0.0000e+00
    276.000     7.1281     10.853   3.286441     10.754    32.2198    1475.86    32.3728  1025.2645 0.0000e+00
    276.250     7.1279     10.899   3.286428     10.800    32.2199    1475.86    32.3728  1025.2648 0.0000e+00
    276.500     7.1277     10.944   3.286412     10.844    32.2199    1475.86    32.3728  1025.2650 0.0000e+00
    276.750     7.1274     10.990   3.286394     10.890    32.2199    1475.86    32.3729  1025.2653 0.0000e+00
    277.000     7.1272     11.036   3.286377     10.935    32.2199    1475.86    32.3729  1025.2655 0.0000e+00
    277.250     7.1270     11.084   3.286363     10.983    32.2199    1475.86    32.3729  1025.2658 0.0000e+00
    277.500     7.1268     11.133   3.286354     11.031    32.2200    1475.86    32.3730  1025.2661 0.0000e+00
    277.750     7.1266     11.184   3.286345     11.082    32.2200    1475.86    32.3730  1025.2664 0.0000e+00
    278.000     7.1264     11.237   3.286336     11.134    32.2201    1475.86    32.3731  1025.2667 0.0000e+00
    278.250     7.1262     11.292   3.286325     11.189    32.2201    1475.86    32.3731  1025.2671 0.0000e+00
    278.500     7.1260     11.347   3.286314     11.243    32.2202    1475.86    32.3732  1025.2674 0.0000e+00
    278.750     7.1259     11.404   3.286305     11.300    32.2202    1475.86    32.3731  1025.2676 0.0000e+00
    279.000     7.1259     11.463   3.286301     11.358    32.2201    1475.86    32.3731  1025.2678 0.0000e+00
    279.250     7.1258     11.523   3.286300     11.418    32.2201    1475.86    32.3731  1025.2682 0.0000e+00
    279.500     7.1258     11.585   3.286301     11.479    32.2201    1475.86    32.3731  1025.2685 0.0000e+00
    279.750     7.1257     11.648   3.286305     11.542    32.2202    1475.86    32.3732  1025.2688 0.0000e+00
    280.000     7.1257     11.713   3.286312     11.606    32.2203    1475.86    32.3733  1025.2692 0.0000e+00
    280.250     7.1258     11.780   3.286320     11.672    32.2202    1475.86    32.3732  1025.2694 0.0000e+00
    280.500     7.1258     11.847   3.286328     11.739    32.2203    1475.86    32.3733  1025.2698 0.0000e+00
    280.750     7.1259     11.915   3.286339     11.806    32.2203    1475.87    32.3733  1025.2701 0.0000e+00
    281.000     7.1259     11.984   3.286351     11.875    32.2204    1475.87    32.3734  1025.2705 0.0000e+00
    281.250     7.1260     12.053   3.286365     11.943    32.2204    1475.87    32.3734  1025.2708 0.0000e+00
    281.500     7.1262     12.123   3.286380     12.012    32.2204    1475.87    32.3734  1025.2711 0.0000e+00
    281.750     7.1263     12.192   3.286400     12.081    32.2204    1475.87    32.3735  1025.2714 0.0000e+00
    282.000     7.1265     12.259   3.286422     12.147    32.2205    1475.87    32.3735  1025.2717 0.0000e+00
    282.250     7.1267     12.326   3.286442     12.213    32.2205    1475.88    32.3735  1025.2720 0.0000e+00
    282.500     7.1269     12.392   3.286461     12.279    32.2205    1475.88    32.3735  1025.2723 0.0000e+00
    282.750     7.1270     12.457   3.286478     12.343    32.2205    1475.88    32.3735  1025.2726 0.0000e+00
    283.000     7.1271     12.520   3.286489     12.406    32.2205    1475.88    32.3735  1025.2729 0.0000e+00
    283.250     7.1271     12.582   3.286492     12.467    32.2205    1475.88    32.3735  1025.2732 0.0000e+00
    283.500     7.1270     12.645   3.286486     12.530    32.2205    1475.88    32.3735  1025.2735 0.0000e+00
    283.750     7.1268     12.708   3.286468     12.592    32.2205    1475.88    32.3735  1025.2738 0.0000e+00
    284.000     7.1266     12.771   3.286440     12.654    32.2203    1475.88    32.3734  1025.2740 0.0000e+00
    284.250     7.1262     12.835   3.286404     12.718    32.2203    1475.88    32.3733  1025.2743 0.0000e+00
    284.500     7.1258     12.900   3.286362     12.782    32.2202    1475.88    32.3732  1025.2746 0.0000e+00
    284.750     7.1253     12.966   3.286314     12.848    32.2201    1475.88    32.3731  1025.2749 0.0000e+00
    285.000     7.1247     13.032   3.286258     12.913    32.2200    1475.88    32.3730  1025.2752 0.0000e+00
    285.250     7.1240     13.100   3.286191     12.980    32.2199    1475.88    32.3729  1025.2755 0.0000e+00
    285.500     7.1230     13.167   3.286099     13.047    32.2198    1475.87    32.3728  1025.2759 0.0000e+00
    285.750     7.1215     13.235   3.285970     13.114    32.2198    1475.87    32.3728  1025.2764 0.0000e+00
    286.000     7.1196     13.302   3.285797     13.181    32.2196    1475.86    32.3727  1025.2768 0.0000e+00
    286.250     7.1169     13.368   3.285558     13.246    32.2195    1475.85    32.3726  1025.2774 0.0000e+00
    286.500     7.1137     13.433   3.285240     13.310    32.2190    1475.84    32.3721  1025.2778 0.0000e+00
    286.750     7.1094     13.498   3.284849     13.375    32.2188    1475.83    32.3718  1025.2784 0.0000e+00
    287.000     7.1040     13.561   3.284370     13.437    32.2186    1475.81    32.3716  1025.2793 0.0000e+00
    287.250     7.0973     13.623   3.283749     13.499    32.2181    1475.78    32.3711  1025.2801 0.0000e+00
    287.500     7.0895     13.682   3.282940     13.557    32.2165    1475.75    32.3696  1025.2802 0.0000e+00
    287.750     7.0810     13.739   3.282007     13.614    32.2143    1475.71    32.3673  1025.2798 0.0000e+00
    288.000     7.0725     13.795   3.281089     13.669    32.2122    1475.68    32.3653  1025.2796 0.0000e+00
    288.250     7.0643     13.851   3.280262     13.724    32.2109    1475.65    32.3639  1025.2799 0.0000e+00
    288.500     7.0567     13.906   3.279539     13.779    32.2101    1475.62    32.3631  1025.2805 0.0000e+00
    288.750     7.0498     13.961   3.278936     13.833    32.2099    1475.59    32.3630  1025.2816 0.0000e+00
    289.000     7.0435     14.016   3.278444     13.888    32.2104    1475.57    32.3635  1025.2831 0.0000e+00
    289.250     7.0371     14.073   3.277995     13.944    32.2115    1475.54    32.3645  1025.2850 0.0000e+00
    289.500     7.0304     14.131   3.277487     14.002    32.2122    1475.52    32.3653  1025.2867 0.0000e+00
    289.750     7.0237     14.191   3.276883     14.061    32.2119    1475.49    32.3649  1025.2876 0.0000e+00
    290.000     7.0170     14.253   3.276269     14.123    32.2114    1475.47    32.3645  1025.2885 0.0000e+00
    290.250     7.0101     14.318   3.275716     14.187    32.2118    1475.44    32.3649  1025.2900 0.0000e+00
    290.500     7.0023     14.384   3.275156     14.253    32.2130    1475.42    32.3660  1025.2923 0.0000e+00
    290.750     6.9930     14.453   3.274459     14.321    32.2141    1475.38    32.3671  1025.2947 0.0000e+00
    291.000     6.9816     14.523   3.273493     14.390    32.2142    1475.34    32.3672  1025.2966 0.0000e+00
    291.250     6.9682     14.594   3.272206     14.461    32.2126    1475.29    32.3657  1025.2975 0.0000e+00
    291.500     6.9532     14.666   3.270686     14.532    32.2101    1475.23    32.3631  1025.2978 0.0000e+00
    291.750     6.9372     14.738   3.269068     14.603    32.2074    1475.16    32.3604  1025.2981 0.0000e+00
    292.000     6.9203     14.809   3.267433     14.674    32.2053    1475.09    32.3583  1025.2990 0.0000e+00
    292.250     6.9026     14.880   3.265803     14.744    32.2040    1475.02    32.3571  1025.3007 0.0000e+00
    292.500     6.8843     14.950   3.264158     14.813    32.2032    1474.95    32.3562  1025.3027 0.0000e+00
    292.750     6.8655     15.020   3.262472     14.883    32.2023    1474.88    32.3554  1025.3049 0.0000e+00
    293.000     6.8465     15.089   3.260749     14.951    32.2013    1474.80    32.3543  1025.3068 0.0000e+00
    293.250     6.8280     15.157   3.259033     15.019    32.1998    1474.73    32.3528  1025.3084 0.0000e+00
    293.500     6.8103     15.225   3.257427     15.086    32.1988    1474.66    32.3518  1025.3102 0.0000e+00
    293.750     6.7932     15.294   3.256015     15.154    32.1993    1474.60    32.3524  1025.3132 0.0000e+00
    294.000     6.7757     15.363   3.254726     15.223    32.2016    1474.53    32.3546  1025.3176 0.0000e+00
    294.250     6.7569     15.433   3.253318     15.292    32.2038    1474.46    32.3568  1025.3221 0.0000e+00
    294.500     6.7367     15.504   3.251594     15.362    32.2038    1474.38    32.3569  1025.3251 0.0000e+00
    294.750     6.7156     15.578   3.249640     15.436    32.2022    1474.30    32.3552  1025.3268 0.0000e+00
    295.000     6.6934     15.652   3.247656     15.509    32.2012    1474.21    32.3543  1025.3293 0.0000e+00
    295.250     6.6695     15.726   3.245652     15.582    32.2016    1474.12    32.3547  1025.3331 0.0000e+00
    295.500     6.6432     15.801   3.243467     15.657    32.2023    1474.02    32.3554  1025.3373 0.0000e+00
    295.750     6.6131     15.875   3.240953     15.730    32.2030    1473.90    32.3560  1025.3420 0.0000e+00
    296.000     6.5783     15.950   3.237978     15.804    32.2029    1473.77    32.3560  1025.3468 0.0000e+00
    296.250     6.5385     16.023   3.234387     15.877    32.2008    1473.61    32.3539  1025.3506 0.0000e+00
    296.500     6.4952     16.095   3.230160     15.948    32.1950    1473.43    32.3480  1025.3518 0.0000e+00
    296.750     6.4509     16.167   3.225613     16.019    32.1865    1473.25    32.3395  1025.3511 0.0000e+00
    297.000     6.4080     16.239   3.221286     16.091    32.1791    1473.07    32.3320  1025.3510 0.0000e+00
    297.250     6.3683     16.311   3.217530     16.162    32.1750    1472.91    32.3279  1025.3530 0.0000e+00
    297.500     6.3323     16.384   3.214403     16.234    32.1743    1472.77    32.3272  1025.3574 0.0000e+00
    297.750     6.3001     16.457   3.211856     16.307    32.1764    1472.64    32.3294  1025.3634 0.0000e+00
    298.000     6.2714     16.531   3.209787     16.380    32.1806    1472.54    32.3336  1025.3706 0.0000e+00
    298.250     6.2451     16.605   3.208011     16.453    32.1857    1472.44    32.3387  1025.3783 0.0000e+00
    298.500     6.2208     16.680   3.206343     16.528    32.1902    1472.35    32.3432  1025.3851 0.0000e+00
    298.750     6.1980     16.755   3.204714     16.602    32.1936    1472.26    32.3467  1025.3910 0.0000e+00
    299.000     6.1763     16.831   3.203126     16.677    32.1965    1472.18    32.3495  1025.3963 0.0000e+00
    299.250     6.1555     16.907   3.201575     16.752    32.1989    1472.10    32.3520  1025.4011 0.0000e+00
    299.500     6.1351     16.981   3.200047     16.826    32.2012    1472.03    32.3543  1025.4058 0.0000e+00
    299.750     6.1151     17.055   3.198534     16.899    32.2033    1471.95    32.3564  1025.4102 0.0000e+00
    300.000     6.0954     17.127   3.197022     16.970    32.2051    1471.88    32.3582  1025.4144 0.0000e+00
    300.250     6.0760     17.198   3.195502     17.041    32.2065    1471.80    32.3596  1025.4182 0.0000e+00
    300.500     6.0573     17.267   3.193982     17.109    32.2073    1471.73    32.3604  1025.4214 0.0000e+00
    300.750     6.0394     17.335   3.192511     17.177    32.2078    1471.66    32.3610  1025.4244 0.0000e+00
    301.000     6.0226     17.402   3.191146     17.243    32.2085    1471.59    32.3617  1025.4273 0.0000e+00
    301.250     6.0068     17.468   3.189908     17.308    32.2097    1471.53    32.3628  1025.4304 0.0000e+00
    301.500     5.9918     17.534   3.188778     17.374    32.2113    1471.48    32.3644  1025.4338 0.0000e+00
    301.750     5.9773     17.601   3.187718     17.440    32.2132    1471.42    32.3663  1025.4374 0.0000e+00
    302.000     5.9628     17.668   3.186669     17.506    32.2152    1471.37    32.3684  1025.4411 0.0000e+00
    302.250     5.9479     17.737   3.185560     17.575    32.2169    1471.31    32.3701  1025.4445 0.0000e+00
    302.500     5.9323     17.808   3.184334     17.645    32.2180    1471.25    32.3712  1025.4476 0.0000e+00
    302.750     5.9156     17.882   3.182962     17.719    32.2185    1471.19    32.3717  1025.4504 0.0000e+00
    303.000     5.8983     17.958   3.181445     17.794    32.2180    1471.12    32.3712  1025.4524 0.0000e+00
    303.250     5.8804     18.036   3.179839     17.871    32.2170    1471.05    32.3702  1025.4541 0.0000e+00
    303.500     5.8623     18.116   3.178234     17.950    32.2162    1470.97    32.3694  1025.4560 0.0000e+00
    303.750     5.8440     18.196   3.176677     18.030    32.2162    1470.90    32.3694  1025.4585 0.0000e+00
    304.000     5.8253     18.275   3.175121     18.108    32.2165    1470.83    32.3697  1025.4614 0.0000e+00
    304.250     5.8062     18.354   3.173514     18.186    32.2166    1470.75    32.3698  1025.4642 0.0000e+00
    304.500     5.7868     18.432   3.171848     18.263    32.2164    1470.68    32.3696  1025.4666 0.0000e+00
    304.750     5.7671     18.509   3.170133     18.340    32.2159    1470.60    32.3691  1025.4689 0.0000e+00
    305.000     5.7475     18.584   3.168400     18.414    32.2150    1470.52    32.3682  1025.4710 0.0000e+00
    305.250     5.7284     18.659   3.166717     18.488    32.2143    1470.44    32.3675  1025.4730 0.0000e+00
    305.500     5.7102     18.733   3.165164     18.562    32.2142    1470.37    32.3674  1025.4754 0.0000e+00
    305.750     5.6927     18.806   3.163777     18.634    32.2152    1470.30    32.3685  1025.4786 0.0000e+00
    306.000     5.6758     18.878   3.162510     18.705    32.2171    1470.24    32.3703  1025.4824 0.0000e+00
    306.250     5.6589     18.952   3.161260     18.779    32.2191    1470.17    32.3724  1025.4863 0.0000e+00
    306.500     5.6418     19.027   3.159937     18.853    32.2205    1470.11    32.3738  1025.4898 0.0000e+00
    306.750     5.6242     19.104   3.158516     18.929    32.2213    1470.04    32.3745  1025.4928 0.0000e+00
    307.000     5.6061     19.182   3.157019     19.007    32.2217    1469.97    32.3749  1025.4956 0.0000e+00
    307.250     5.5876     19.263   3.155462     19.087    32.2218    1469.90    32.3750  1025.4982 0.0000e+00
    307.500     5.5685     19.346   3.153818     19.169    32.2214    1469.82    32.3747  1025.5006 0.0000e+00
    307.750     5.5495     19.432   3.152110     19.254    32.2203    1469.74    32.3736  1025.5023 0.0000e+00
    308.000     5.5306     19.518   3.150441     19.339    32.2195    1469.67    32.3727  1025.5042 0.0000e+00
    308.250     5.5120     19.606   3.148856     19.427    32.2193    1469.59    32.3726  1025.5067 0.0000e+00
    308.500     5.4936     19.695   3.147333     19.515    32.2197    1469.52    32.3730  1025.5095 0.0000e+00
    308.750     5.4753     19.783   3.145846     19.602    32.2204    1469.45    32.3736  1025.5126 0.0000e+00
    309.000     5.4567     19.869   3.144371     19.687    32.2215    1469.38    32.3747  1025.5160 0.0000e+00
    309.250     5.4374     19.954   3.142861     19.771    32.2228    1469.30    32.3761  1025.5197 0.0000e+00
    309.500     5.4168     20.037   3.141228     19.854    32.2240    1469.22    32.3773  1025.5234 0.0000e+00
    309.750     5.3941     20.117   3.139389     19.933    32.2249    1469.13    32.3782  1025.5271 0.0000e+00
    310.000     5.3685     20.194   3.137282     20.009    32.2256    1469.03    32.3789  1025.5309 0.0000e+00
    310.250     5.3382     20.269   3.134802     20.084    32.2265    1468.91    32.3798  1025.5354 0.0000e+00
