inst/extdata/ex_data/ctm_upcast_ex.cnv
* Sea-Bird SBE19plus  Data File:
* FileName = C:\CTD\202101_162_L2\2021_07_02\2021_07_02_0005.hex
* Software version 2.8.0.119
* Temperature SN = 8102
* Conductivity SN = 8102
* System UpLoad Time = Jul 02 2021 18:15:39
** Longitude: 171 17.6496 W
** Latitude: 59 58.3938 N
** ship: 162
** station: P-22
** depth: 68
** Longitude: 171 17.6496 W
** Latitude: 59 58.3938 N
** ship: 162
** station: P-22
** depth: 68
# nquan = 10                                
# nvalues = 965                         
# units = specified
# name 0 = timeS: Time, Elapsed [seconds]
# name 1 = tv290C: Temperature [ITS-90, deg C]
# name 2 = prdM: Pressure, Strain Gauge [db]
# name 3 = c0S/m: Conductivity [S/m]
# name 4 = depSM: Depth [salt water, m], lat = 56
# name 5 = sal00: Salinity, Practical [PSU]
# name 6 = svCM: Sound Velocity [Chen-Millero, m/s]
# name 7 = gsw_saA0: Absolute Salinity [g/kg]
# name 8 = gsw_densityA0: density, TEOS-10 [density, kg/m^3]
# name 9 = flag: flag
# span 0 =   2258.000,   2499.000       
# span 1 =     2.4483,     7.4456       
# span 2 =      0.511,     68.422       
# span 3 =   2.903738,   3.314000       
# span 4 =      0.506,     67.788       
# span 5 =    32.1926,    32.3994       
# span 6 =    1457.20,    1476.93       
# span 7 =    32.3457,    32.5535       
# span 8 =  1025.1658,  1026.1278       
# span 9 = 0.0000e+00, 0.0000e+00       
# interval = seconds: 0.25
# start_time = Jul 02 2021 17:12:39 [Instrument's time stamp, header]
# bad_flag = -9.990e-29
*END*
[from data line 577]
   2402.250     2.5880     25.218   2.914237     24.987    32.3340    1457.58    32.4882  1025.9125 0.0000e+00
   2402.500     2.5940     25.140   2.914757     24.910    32.3343    1457.60    32.4886  1025.9119 0.0000e+00
   2402.750     2.5993     25.061   2.915160     24.831    32.3339    1457.62    32.4882  1025.9108 0.0000e+00
   2403.000     2.6038     24.983   2.915472     24.754    32.3333    1457.64    32.4875  1025.9095 0.0000e+00
   2403.250     2.6077     24.904   2.915722     24.676    32.3324    1457.66    32.4866  1025.9082 0.0000e+00
   2403.500     2.6111     24.824   2.915926     24.597    32.3315    1457.67    32.4857  1025.9068 0.0000e+00
   2403.750     2.6144     24.741   2.916106     24.514    32.3304    1457.68    32.4846  1025.9053 0.0000e+00
   2404.000     2.6177     24.654   2.916286     24.428    32.3293    1457.69    32.4835  1025.9037 0.0000e+00
   2404.250     2.6212     24.563   2.916491     24.338    32.3284    1457.70    32.4825  1025.9022 0.0000e+00
   2404.500     2.6252     24.469   2.916742     24.245    32.3274    1457.72    32.4816  1025.9007 0.0000e+00
   2404.750     2.6296     24.371   2.917051     24.148    32.3268    1457.73    32.4810  1025.8994 0.0000e+00
   2405.000     2.6347     24.271   2.917421     24.049    32.3263    1457.75    32.4804  1025.8980 0.0000e+00
   2405.250     2.6404     24.169   2.917852     23.948    32.3258    1457.78    32.4799  1025.8967 0.0000e+00
   2405.500     2.6469     24.067   2.918343     23.847    32.3253    1457.80    32.4794  1025.8953 0.0000e+00
   2405.750     2.6541     23.965   2.918885     23.746    32.3247    1457.83    32.4788  1025.8938 0.0000e+00
   2406.000     2.6621     23.864   2.919516     23.645    32.3244    1457.86    32.4785  1025.8924 0.0000e+00
   2406.250     2.6704     23.765   2.920253     23.547    32.3251    1457.90    32.4792  1025.8918 0.0000e+00
   2406.500     2.6795     23.668   2.921019     23.451    32.3253    1457.94    32.4794  1025.8907 0.0000e+00
   2406.750     2.6893     23.572   2.921822     23.356    32.3253    1457.98    32.4794  1025.8894 0.0000e+00
   2407.000     2.6994     23.479   2.922707     23.264    32.3259    1458.02    32.4800  1025.8887 0.0000e+00
   2407.250     2.7095     23.389   2.923589     23.175    32.3266    1458.06    32.4806  1025.8879 0.0000e+00
   2407.500     2.7196     23.301   2.924422     23.088    32.3266    1458.11    32.4807  1025.8867 0.0000e+00
   2407.750     2.7295     23.217   2.925220     23.004    32.3264    1458.15    32.4804  1025.8853 0.0000e+00
   2408.000     2.7393     23.136   2.925966     22.924    32.3257    1458.19    32.4797  1025.8835 0.0000e+00
   2408.250     2.7493     23.057   2.926692     22.846    32.3245    1458.23    32.4785  1025.8814 0.0000e+00
   2408.500     2.7593     22.981   2.927445     22.771    32.3236    1458.27    32.4776  1025.8795 0.0000e+00
   2408.750     2.7692     22.907   2.928202     22.697    32.3229    1458.31    32.4769  1025.8778 0.0000e+00
   2409.000     2.7792     22.835   2.928928     22.626    32.3217    1458.35    32.4757  1025.8756 0.0000e+00
   2409.250     2.7893     22.764   2.929647     22.556    32.3203    1458.39    32.4743  1025.8734 0.0000e+00
   2409.500     2.7995     22.692   2.930388     22.484    32.3191    1458.43    32.4731  1025.8712 0.0000e+00
   2409.750     2.8100     22.620   2.931126     22.413    32.3176    1458.47    32.4715  1025.8687 0.0000e+00
   2410.000     2.8209     22.547   2.931871     22.341    32.3157    1458.52    32.4696  1025.8660 0.0000e+00
   2410.250     2.8327     22.473   2.932690     22.267    32.3138    1458.57    32.4677  1025.8631 0.0000e+00
   2410.500     2.8450     22.397   2.933619     22.192    32.3128    1458.62    32.4667  1025.8609 0.0000e+00
   2410.750     2.8576     22.320   2.934622     22.116    32.3123    1458.67    32.4662  1025.8591 0.0000e+00
   2411.000     2.8702     22.243   2.935638     22.039    32.3120    1458.72    32.4659  1025.8575 0.0000e+00
   2411.250     2.8825     22.166   2.936603     21.963    32.3114    1458.77    32.4653  1025.8556 0.0000e+00
   2411.500     2.8944     22.089   2.937516     21.887    32.3106    1458.82    32.4645  1025.8536 0.0000e+00
   2411.750     2.9061     22.012   2.938432     21.811    32.3100    1458.87    32.4639  1025.8517 0.0000e+00
   2412.000     2.9171     21.936   2.939323     21.735    32.3098    1458.92    32.4637  1025.8503 0.0000e+00
   2412.250     2.9276     21.861   2.940132     21.661    32.3091    1458.96    32.4630  1025.8485 0.0000e+00
   2412.500     2.9377     21.789   2.940870     21.590    32.3080    1459.00    32.4618  1025.8464 0.0000e+00
   2412.750     2.9478     21.717   2.941543     21.518    32.3060    1459.04    32.4598  1025.8436 0.0000e+00
   2413.000     2.9584     21.647   2.942200     21.449    32.3034    1459.08    32.4572  1025.8403 0.0000e+00
   2413.250     2.9697     21.578   2.942941     21.381    32.3011    1459.12    32.4548  1025.8371 0.0000e+00
   2413.500     2.9816     21.510   2.943813     21.313    32.2997    1459.17    32.4535  1025.8347 0.0000e+00
   2413.750     2.9945     21.443   2.944798     21.247    32.2987    1459.23    32.4525  1025.8325 0.0000e+00
   2414.000     3.0084     21.377   2.945885     21.181    32.2980    1459.28    32.4517  1025.8304 0.0000e+00
   2414.250     3.0230     21.313   2.947084     21.118    32.2979    1459.34    32.4516  1025.8288 0.0000e+00
   2414.500     3.0381     21.251   2.948391     21.057    32.2986    1459.41    32.4524  1025.8277 0.0000e+00
   2414.750     3.0533     21.189   2.949750     20.995    32.2998    1459.48    32.4536  1025.8271 0.0000e+00
   2415.000     3.0687     21.129   2.951071     20.936    32.3004    1459.54    32.4542  1025.8259 0.0000e+00
   2415.250     3.0843     21.069   2.952353     20.876    32.3003    1459.61    32.4540  1025.8242 0.0000e+00
   2415.500     3.0998     21.009   2.953618     20.817    32.3001    1459.67    32.4538  1025.8224 0.0000e+00
   2415.750     3.1142     20.950   2.954842     20.758    32.3005    1459.73    32.4542  1025.8212 0.0000e+00
   2416.000     3.1270     20.891   2.955998     20.700    32.3016    1459.79    32.4554  1025.8207 0.0000e+00
   2416.250     3.1385     20.834   2.956998     20.643    32.3022    1459.84    32.4560  1025.8199 0.0000e+00
   2416.500     3.1497     20.779   2.957812     20.589    32.3009    1459.88    32.4546  1025.8176 0.0000e+00
   2416.750     3.1613     20.726   2.958559     20.536    32.2983    1459.93    32.4520  1025.8142 0.0000e+00
   2417.000     3.1738     20.676   2.959379     20.487    32.2957    1459.98    32.4494  1025.8108 0.0000e+00
   2417.250     3.1870     20.629   2.960387     20.440    32.2947    1460.03    32.4484  1025.8086 0.0000e+00
   2417.500     3.2001     20.583   2.961574     20.395    32.2959    1460.09    32.4496  1025.8082 0.0000e+00
   2417.750     3.2129     20.539   2.962758     20.351    32.2974    1460.15    32.4511  1025.8081 0.0000e+00
   2418.000     3.2256     20.494   2.963810     20.307    32.2974    1460.20    32.4511  1025.8067 0.0000e+00
   2418.250     3.2392     20.448   2.964797     20.261    32.2957    1460.25    32.4494  1025.8040 0.0000e+00
   2418.500     3.2564     20.401   2.965919     20.214    32.2920    1460.32    32.4457  1025.7993 0.0000e+00
   2418.750     3.2799     20.353   2.967457     20.167    32.2871    1460.42    32.4407  1025.7930 0.0000e+00
   2419.000     3.3122     20.302   2.969723     20.116    32.2821    1460.55    32.4357  1025.7859 0.0000e+00
   2419.250     3.3551     20.250   2.973031     20.065    32.2791    1460.72    32.4326  1025.7794 0.0000e+00
   2419.500     3.4093     20.197   2.977637     20.012    32.2803    1460.96    32.4339  1025.7752 0.0000e+00
   2419.750     3.4735     20.142   2.983566     19.958    32.2874    1461.24    32.4410  1025.7748 0.0000e+00
   2420.000     3.5456     20.086   2.990510     19.902    32.2987    1461.56    32.4523  1025.7768 0.0000e+00
   2420.250     3.6230     20.029   2.997965     19.846    32.3107    1461.90    32.4644  1025.7789 0.0000e+00
   2420.500     3.7047     19.972   3.005501     19.789    32.3192    1462.26    32.4730  1025.7778 0.0000e+00
   2420.750     3.7916     19.914   3.013022     19.732    32.3224    1462.63    32.4762  1025.7718 0.0000e+00
   2421.000     3.8865     19.855   3.020772     19.673    32.3203    1463.02    32.4740  1025.7607 0.0000e+00
   2421.250     3.9934     19.794   3.029277     19.613    32.3151    1463.46    32.4689  1025.7459 0.0000e+00
   2421.500     4.1166     19.732   3.039074     19.552    32.3090    1463.97    32.4627  1025.7286 0.0000e+00
   2421.750     4.2578     19.668   3.050705     19.488    32.3066    1464.56    32.4603  1025.7122 0.0000e+00
   2422.000     4.4143     19.603   3.064683     19.424    32.3164    1465.22    32.4702  1025.7037 0.0000e+00
   2422.250     4.5778     19.538   3.080562     19.359    32.3412    1465.93    32.4950  1025.7060 0.0000e+00
   2422.500     4.7377     19.472   3.096704     19.294    32.3720    1466.62    32.5260  1025.7132 0.0000e+00
   2422.750     4.8859     19.405   3.111079     19.228    32.3934    1467.26    32.5475  1025.7138 0.0000e+00
   2423.000     5.0172     19.337   3.122718     19.160    32.3994    1467.80    32.5535  1025.7039 0.0000e+00
   2423.250     5.1275     19.269   3.131992     19.093    32.3986    1468.25    32.5527  1025.6907 0.0000e+00
   2423.500     5.2143     19.200   3.139035     19.024    32.3949    1468.60    32.5490  1025.6777 0.0000e+00
   2423.750     5.2759     19.130   3.143524     18.955    32.3865    1468.84    32.5406  1025.6638 0.0000e+00
   2424.000     5.3134     19.061   3.145579     18.887    32.3737    1468.97    32.5277  1025.6491 0.0000e+00
   2424.250     5.3322     18.992   3.145558     18.818    32.3553    1469.03    32.5092  1025.6320 0.0000e+00
   2424.500     5.3380     18.925   3.143749     18.752    32.3292    1469.02    32.4829  1025.6104 0.0000e+00
   2424.750     5.3357     18.860   3.140940     18.688    32.2994    1468.97    32.4530  1025.5868 0.0000e+00
   2425.000     5.3308     18.798   3.138367     18.626    32.2749    1468.92    32.4284  1025.5677 0.0000e+00
   2425.250     5.3278     18.740   3.136686     18.569    32.2587    1468.88    32.4121  1025.5549 0.0000e+00
   2425.500     5.3276     18.685   3.135781     18.514    32.2486    1468.87    32.4020  1025.5467 0.0000e+00
   2425.750     5.3310     18.634   3.135495     18.464    32.2421    1468.87    32.3954  1025.5409 0.0000e+00
   2426.000     5.3385     18.588   3.135787     18.418    32.2382    1468.90    32.3915  1025.5368 0.0000e+00
   2426.250     5.3504     18.546   3.136536     18.376    32.2353    1468.94    32.3886  1025.5329 0.0000e+00
   2426.500     5.3651     18.509   3.137781     18.340    32.2353    1469.00    32.3886  1025.5311 0.0000e+00
   2426.750     5.3812     18.476   3.139433     18.307    32.2386    1469.07    32.3920  1025.5317 0.0000e+00
   2427.000     5.3980     18.447   3.141058     18.278    32.2410    1469.14    32.3943  1025.5315 0.0000e+00
   2427.250     5.4135     18.421   3.142538     18.253    32.2429    1469.20    32.3962  1025.5311 0.0000e+00
   2427.500     5.4245     18.397   3.143862     18.229    32.2473    1469.25    32.4007  1025.5333 0.0000e+00
   2427.750     5.4281     18.374   3.144642     18.206    32.2528    1469.28    32.4061  1025.5370 0.0000e+00
   2428.000     5.4235     18.352   3.144507     18.184    32.2557    1469.26    32.4090  1025.5398 0.0000e+00
   2428.250     5.4110     18.329   3.143267     18.161    32.2536    1469.21    32.4070  1025.5395 0.0000e+00
   2428.500     5.3920     18.305   3.140964     18.138    32.2457    1469.12    32.3991  1025.5353 0.0000e+00
   2428.750     5.3697     18.279   3.138093     18.112    32.2346    1469.01    32.3879  1025.5289 0.0000e+00
   2429.000     5.3478     18.251   3.135304     18.084    32.2239    1468.91    32.3772  1025.5229 0.0000e+00
   2429.250     5.3289     18.221   3.133001     18.054    32.2159    1468.82    32.3691  1025.5185 0.0000e+00
   2429.500     5.3155     18.188   3.131398     18.022    32.2106    1468.76    32.3638  1025.5157 0.0000e+00
   2429.750     5.3093     18.153   3.130630     17.987    32.2078    1468.73    32.3610  1025.5140 0.0000e+00
   2430.000     5.3106     18.115   3.130692     17.949    32.2073    1468.74    32.3605  1025.5133 0.0000e+00
   2430.250     5.3206     18.075   3.131571     17.910    32.2077    1468.78    32.3609  1025.5123 0.0000e+00
   2430.500     5.3402     18.034   3.133344     17.869    32.2091    1468.86    32.3622  1025.5109 0.0000e+00
   2430.750     5.3691     17.991   3.136124     17.827    32.2129    1468.98    32.3661  1025.5105 0.0000e+00
   2431.000     5.4061     17.947   3.139857     17.783    32.2198    1469.14    32.3730  1025.5115 0.0000e+00
   2431.250     5.4498     17.905   3.144161     17.741    32.2267    1469.32    32.3799  1025.5117 0.0000e+00
   2431.500     5.4993     17.863   3.148759     17.700    32.2313    1469.53    32.3845  1025.5095 0.0000e+00
   2431.750     5.5538     17.824   3.153738     17.661    32.2354    1469.75    32.3887  1025.5062 0.0000e+00
   2432.000     5.6134     17.788   3.159122     17.625    32.2391    1470.00    32.3924  1025.5021 0.0000e+00
   2432.250     5.6776     17.754   3.164855     17.592    32.2424    1470.26    32.3957  1025.4969 0.0000e+00
   2432.500     5.7427     17.721   3.170867     17.559    32.2478    1470.53    32.4012  1025.4934 0.0000e+00
   2432.750     5.8022     17.689   3.176668     17.527    32.2562    1470.78    32.4096  1025.4928 0.0000e+00
   2433.000     5.8509     17.658   3.181495     17.497    32.2639    1470.98    32.4173  1025.4930 0.0000e+00
   2433.250     5.8887     17.625   3.184990     17.464    32.2671    1471.14    32.4205  1025.4907 0.0000e+00
   2433.500     5.9190     17.591   3.187357     17.430    32.2647    1471.25    32.4181  1025.4851 0.0000e+00
   2433.750     5.9452     17.554   3.189025     17.394    32.2584    1471.35    32.4118  1025.4768 0.0000e+00
   2434.000     5.9705     17.514   3.190525     17.354    32.2511    1471.44    32.4045  1025.4678 0.0000e+00
   2434.250     5.9973     17.471   3.192257     17.311    32.2450    1471.54    32.3983  1025.4595 0.0000e+00
   2434.500     6.0273     17.424   3.194332     17.265    32.2396    1471.65    32.3929  1025.4514 0.0000e+00
   2434.750     6.0610     17.375   3.196877     17.216    32.2360    1471.78    32.3893  1025.4442 0.0000e+00
   2435.000     6.0966     17.324   3.200001     17.166    32.2371    1471.92    32.3903  1025.4404 0.0000e+00
   2435.250     6.1314     17.272   3.203384     17.114    32.2418    1472.07    32.3950  1025.4396 0.0000e+00
   2435.500     6.1631     17.220   3.206415     17.063    32.2454    1472.20    32.3987  1025.4384 0.0000e+00
   2435.750     6.1907     17.169   3.208729     17.012    32.2450    1472.31    32.3983  1025.4344 0.0000e+00
   2436.000     6.2120     17.119   3.210349     16.963    32.2428    1472.39    32.3961  1025.4298 0.0000e+00
   2436.250     6.2267     17.071   3.211465     16.915    32.2413    1472.44    32.3946  1025.4266 0.0000e+00
   2436.500     6.2359     17.026   3.212308     16.870    32.2420    1472.48    32.3953  1025.4258 0.0000e+00
   2436.750     6.2413     16.985   3.212867     16.830    32.2431    1472.50    32.3964  1025.4258 0.0000e+00
   2437.000     6.2420     16.946   3.212821     16.791    32.2420    1472.50    32.3952  1025.4246 0.0000e+00
   2437.250     6.2353     16.910   3.212025     16.755    32.2395    1472.47    32.3927  1025.4233 0.0000e+00
   2437.500     6.2181     16.877   3.210469     16.723    32.2385    1472.40    32.3918  1025.4245 0.0000e+00
   2437.750     6.1895     16.845   3.207839     16.691    32.2364    1472.29    32.3897  1025.4262 0.0000e+00
