inst/extdata/ex_data/ctm_downcast_ex.cnv
* Sea-Bird SBE19plus  Data File:
* FileName = C:\CTD\202101_162_L2\2021_07_02\2021_07_02_0005.hex
* Software version 2.8.0.119
* Temperature SN = 8102
* Conductivity SN = 8102
* System UpLoad Time = Jul 02 2021 18:15:39
** Longitude: 171 17.6496 W
** Latitude: 59 58.3938 N
** ship: 162
** station: P-22
** depth: 68
** Longitude: 171 17.6496 W
** Latitude: 59 58.3938 N
** ship: 162
** station: P-22
** depth: 68
# nquan = 10                                
# nvalues = 1236                        
# units = specified
# name 0 = timeS: Time, Elapsed [seconds]
# name 1 = tv290C: Temperature [ITS-90, deg C]
# name 2 = prdM: Pressure, Strain Gauge [db]
# name 3 = c0S/m: Conductivity [S/m]
# name 4 = depSM: Depth [salt water, m], lat = 56
# name 5 = sal00: Salinity, Practical [PSU]
# name 6 = svCM: Sound Velocity [Chen-Millero, m/s]
# name 7 = gsw_saA0: Absolute Salinity [g/kg]
# name 8 = gsw_densityA0: density, TEOS-10 [density, kg/m^3]
# name 9 = flag: flag
# span 0 =    166.500,    475.250       
# span 1 =     2.0763,     7.5346       
# span 2 =      0.516,     68.349       
# span 3 =   2.872577,   3.322846       
# span 4 =      0.511,     67.716       
# span 5 =    32.0772,    32.3314       
# span 6 =    1455.63,    1477.29       
# span 7 =    32.2299,    32.4869       
# span 8 =  1025.1653,  1026.1534       
# span 9 = 0.0000e+00, 0.0000e+00       
# interval = seconds: 0.25
# start_time = Jul 02 2021 17:12:39 [Instrument's time stamp, header]
# bad_flag = -9.990e-29
*END*
[from data line 1154]
    455.000     2.0908     67.409   2.874673     66.785    32.3282    1456.08    32.4869  1026.1493 0.0000e+00
    455.250     2.0908     67.425   2.874672     66.801    32.3282    1456.08    32.4868  1026.1494 0.0000e+00
    455.500     2.0908     67.441   2.874670     66.816    32.3282    1456.08    32.4868  1026.1494 0.0000e+00
    455.750     2.0908     67.457   2.874667     66.832    32.3281    1456.08    32.4868  1026.1495 0.0000e+00
    456.000     2.0908     67.473   2.874664     66.848    32.3281    1456.08    32.4867  1026.1495 0.0000e+00
    456.250     2.0908     67.490   2.874664     66.865    32.3281    1456.08    32.4867  1026.1496 0.0000e+00
    456.500     2.0909     67.507   2.874664     66.882    32.3280    1456.08    32.4866  1026.1496 0.0000e+00
    456.750     2.0909     67.525   2.874666     66.900    32.3280    1456.09    32.4866  1026.1497 0.0000e+00
    457.000     2.0910     67.545   2.874669     66.919    32.3279    1456.09    32.4865  1026.1497 0.0000e+00
    457.250     2.0910     67.565   2.874674     66.939    32.3280    1456.09    32.4866  1026.1498 0.0000e+00
    457.500     2.0911     67.587   2.874679     66.961    32.3279    1456.09    32.4865  1026.1499 0.0000e+00
    457.750     2.0911     67.609   2.874685     66.983    32.3280    1456.09    32.4866  1026.1500 0.0000e+00
    458.000     2.0912     67.633   2.874692     67.007    32.3279    1456.09    32.4866  1026.1501 0.0000e+00
    458.250     2.0912     67.656   2.874698     67.029    32.3280    1456.09    32.4867  1026.1503 0.0000e+00
    458.500     2.0913     67.680   2.874702     67.053    32.3279    1456.09    32.4866  1026.1503 0.0000e+00
    458.750     2.0913     67.703   2.874707     67.076    32.3280    1456.09    32.4866  1026.1505 0.0000e+00
    459.000     2.0913     67.726   2.874713     67.099    32.3281    1456.09    32.4867  1026.1506 0.0000e+00
    459.250     2.0914     67.747   2.874722     67.120    32.3281    1456.09    32.4867  1026.1507 0.0000e+00
    459.500     2.0916     67.767   2.874735     67.139    32.3280    1456.09    32.4867  1026.1508 0.0000e+00
    459.750     2.0917     67.786   2.874751     67.158    32.3281    1456.09    32.4867  1026.1509 0.0000e+00
    460.000     2.0918     67.804   2.874767     67.176    32.3282    1456.09    32.4868  1026.1511 0.0000e+00
    460.250     2.0919     67.821   2.874780     67.193    32.3282    1456.09    32.4869  1026.1512 0.0000e+00
    460.500     2.0920     67.837   2.874787     67.209    32.3282    1456.10    32.4869  1026.1512 0.0000e+00
    460.750     2.0921     67.852   2.874790     67.224    32.3281    1456.10    32.4868  1026.1512 0.0000e+00
    461.000     2.0921     67.868   2.874790     67.239    32.3281    1456.10    32.4868  1026.1513 0.0000e+00
    461.250     2.0921     67.884   2.874789     67.255    32.3281    1456.10    32.4868  1026.1514 0.0000e+00
    461.500     2.0921     67.900   2.874789     67.271    32.3281    1456.10    32.4868  1026.1514 0.0000e+00
    461.750     2.0921     67.916   2.874789     67.287    32.3281    1456.10    32.4868  1026.1515 0.0000e+00
    462.000     2.0921     67.932   2.874790     67.303    32.3281    1456.10    32.4868  1026.1516 0.0000e+00
    462.250     2.0922     67.948   2.874792     67.319    32.3280    1456.10    32.4867  1026.1516 0.0000e+00
    462.500     2.0922     67.965   2.874795     67.335    32.3280    1456.10    32.4867  1026.1517 0.0000e+00
    462.750     2.0923     67.980   2.874799     67.350    32.3280    1456.10    32.4866  1026.1517 0.0000e+00
    463.000     2.0923     67.996   2.874802     67.366    32.3280    1456.10    32.4867  1026.1518 0.0000e+00
    463.250     2.0924     68.010   2.874805     67.380    32.3279    1456.10    32.4866  1026.1518 0.0000e+00
    463.500     2.0924     68.024   2.874807     67.394    32.3279    1456.10    32.4866  1026.1519 0.0000e+00
    463.750     2.0924     68.038   2.874811     67.408    32.3280    1456.10    32.4867  1026.1520 -9.990e-29
    464.000     2.0924     68.050   2.874815     67.420    32.3280    1456.10    32.4867  1026.1521 -9.990e-29
    464.250     2.0925     68.060   2.874821     67.430    32.3280    1456.10    32.4867  1026.1521 -9.990e-29
    464.500     2.0925     68.070   2.874826     67.439    32.3280    1456.10    32.4867  1026.1522 -9.990e-29
    464.750     2.0925     68.078   2.874829     67.447    32.3281    1456.10    32.4868  1026.1523 -9.990e-29
    465.000     2.0925     68.085   2.874828     67.454    32.3281    1456.10    32.4868  1026.1523 -9.990e-29
    465.250     2.0924     68.092   2.874822     67.461    32.3281    1456.10    32.4868  1026.1523 -9.990e-29
    465.500     2.0924     68.097   2.874811     67.466    32.3280    1456.10    32.4866  1026.1523 -9.990e-29
    465.750     2.0923     68.102   2.874801     67.471    32.3279    1456.10    32.4866  1026.1523 -9.990e-29
    466.000     2.0923     68.106   2.874793     67.475    32.3278    1456.10    32.4865  1026.1522 -9.990e-29
    466.250     2.0922     68.111   2.874787     67.480    32.3278    1456.10    32.4865  1026.1523 -9.990e-29
    466.500     2.0921     68.117   2.874781     67.486    32.3279    1456.10    32.4866  1026.1523 -9.990e-29
    466.750     2.0921     68.123   2.874775     67.492    32.3278    1456.10    32.4865  1026.1523 -9.990e-29
    467.000     2.0921     68.129   2.874770     67.498    32.3277    1456.10    32.4864  1026.1523 -9.990e-29
    467.250     2.0920     68.136   2.874767     67.505    32.3278    1456.10    32.4865  1026.1524 -9.990e-29
    467.500     2.0920     68.143   2.874766     67.512    32.3278    1456.10    32.4865  1026.1524 -9.990e-29
    467.750     2.0920     68.150   2.874765     67.519    32.3278    1456.10    32.4865  1026.1524 -9.990e-29
    468.000     2.0920     68.157   2.874765     67.526    32.3278    1456.10    32.4864  1026.1524 -9.990e-29
    468.250     2.0919     68.162   2.874766     67.531    32.3279    1456.10    32.4866  1026.1525 -9.990e-29
    468.500     2.0919     68.166   2.874767     67.535    32.3279    1456.10    32.4866  1026.1526 -9.990e-29
    468.750     2.0919     68.170   2.874770     67.539    32.3279    1456.10    32.4866  1026.1526 -9.990e-29
    469.000     2.0920     68.173   2.874774     67.541    32.3279    1456.10    32.4866  1026.1526 -9.990e-29
    469.250     2.0920     68.176   2.874780     67.544    32.3279    1456.10    32.4866  1026.1527 -9.990e-29
    469.500     2.0920     68.180   2.874785     67.548    32.3280    1456.10    32.4867  1026.1527 -9.990e-29
    469.750     2.0921     68.184   2.874790     67.552    32.3279    1456.10    32.4866  1026.1527 -9.990e-29
    470.000     2.0921     68.190   2.874796     67.558    32.3280    1456.10    32.4867  1026.1528 -9.990e-29
    470.250     2.0922     68.196   2.874804     67.564    32.3280    1456.10    32.4867  1026.1528 -9.990e-29
    470.500     2.0923     68.204   2.874812     67.572    32.3280    1456.10    32.4867  1026.1528 -9.990e-29
    470.750     2.0924     68.214   2.874820     67.582    32.3280    1456.10    32.4867  1026.1529 -9.990e-29
    471.000     2.0925     68.224   2.874828     67.592    32.3280    1456.10    32.4867  1026.1529 -9.990e-29
    471.250     2.0926     68.236   2.874834     67.604    32.3280    1456.10    32.4867  1026.1529 -9.990e-29
    471.500     2.0926     68.247   2.874837     67.615    32.3280    1456.10    32.4867  1026.1530 -9.990e-29
    471.750     2.0926     68.258   2.874838     67.626    32.3280    1456.10    32.4867  1026.1531 -9.990e-29
    472.000     2.0926     68.268   2.874840     67.636    32.3280    1456.10    32.4867  1026.1531 -9.990e-29
    472.250     2.0927     68.277   2.874843     67.645    32.3279    1456.11    32.4867  1026.1531 -9.990e-29
    472.500     2.0927     68.286   2.874846     67.653    32.3280    1456.11    32.4867  1026.1532 -9.990e-29
    472.750     2.0928     68.293   2.874848     67.660    32.3279    1456.11    32.4866  1026.1531 -9.990e-29
    473.000     2.0928     68.299   2.874850     67.666    32.3279    1456.11    32.4866  1026.1532 -9.990e-29
    473.250     2.0929     68.305   2.874853     67.672    32.3278    1456.11    32.4866  1026.1531 -9.990e-29
    473.500     2.0929     68.310   2.874857     67.677    32.3279    1456.11    32.4866  1026.1532 -9.990e-29
    473.750     2.0929     68.315   2.874862     67.682    32.3280    1456.11    32.4867  1026.1533 -9.990e-29
    474.000     2.0930     68.320   2.874866     67.687    32.3279    1456.11    32.4866  1026.1532 -9.990e-29
    474.250     2.0930     68.325   2.874868     67.692    32.3279    1456.11    32.4866  1026.1533 -9.990e-29
    474.500     2.0930     68.331   2.874868     67.698    32.3279    1456.11    32.4866  1026.1533 -9.990e-29
    474.750     2.0930     68.336   2.874866     67.703    32.3279    1456.11    32.4866  1026.1533 -9.990e-29
    475.000     2.0930     68.343   2.874865     67.710    32.3279    1456.11    32.4866  1026.1533 -9.990e-29
    475.250     2.0930     68.349   2.874867     67.716    32.3279    1456.11    32.4866  1026.1534 -9.990e-29
