inst/extdata/ex_data/ctm_downcast_ex.cnv
* Sea-Bird SBE19plus  Data File:
* FileName = C:\CTD\202101_162_L2\2021_07_02\2021_07_02_0005.hex
* Software version 2.8.0.119
* Temperature SN = 8102
* Conductivity SN = 8102
* System UpLoad Time = Jul 02 2021 18:15:39
** Longitude: 171 17.6496 W
** Latitude: 59 58.3938 N
** ship: 162
** station: P-22
** depth: 68
** Longitude: 171 17.6496 W
** Latitude: 59 58.3938 N
** ship: 162
** station: P-22
** depth: 68
# nquan = 10                                
# nvalues = 1236                        
# units = specified
# name 0 = timeS: Time, Elapsed [seconds]
# name 1 = tv290C: Temperature [ITS-90, deg C]
# name 2 = prdM: Pressure, Strain Gauge [db]
# name 3 = c0S/m: Conductivity [S/m]
# name 4 = depSM: Depth [salt water, m], lat = 56
# name 5 = sal00: Salinity, Practical [PSU]
# name 6 = svCM: Sound Velocity [Chen-Millero, m/s]
# name 7 = gsw_saA0: Absolute Salinity [g/kg]
# name 8 = gsw_densityA0: density, TEOS-10 [density, kg/m^3]
# name 9 = flag: flag
# span 0 =    166.500,    475.250       
# span 1 =     2.0763,     7.5346       
# span 2 =      0.516,     68.349       
# span 3 =   2.872577,   3.322846       
# span 4 =      0.511,     67.716       
# span 5 =    32.0772,    32.3314       
# span 6 =    1455.63,    1477.29       
# span 7 =    32.2299,    32.4869       
# span 8 =  1025.1653,  1026.1534       
# span 9 = 0.0000e+00, 0.0000e+00       
# interval = seconds: 0.25
# start_time = Jul 02 2021 17:12:39 [Instrument's time stamp, header]
# bad_flag = -9.990e-29
*END*
[from data line 865]
    382.750     2.0764     46.838   2.872680     46.407    32.3294    1455.69    32.4857  1026.0523 0.0000e+00
    383.000     2.0764     46.937   2.872687     46.505    32.3294    1455.69    32.4857  1026.0529 0.0000e+00
    383.250     2.0765     47.035   2.872695     46.602    32.3294    1455.69    32.4857  1026.0533 0.0000e+00
    383.500     2.0765     47.133   2.872705     46.699    32.3294    1455.69    32.4858  1026.0538 0.0000e+00
    383.750     2.0766     47.232   2.872715     46.797    32.3294    1455.69    32.4858  1026.0542 0.0000e+00
    384.000     2.0766     47.330   2.872724     46.894    32.3294    1455.70    32.4858  1026.0548 0.0000e+00
    384.250     2.0767     47.428   2.872731     46.991    32.3294    1455.70    32.4858  1026.0552 0.0000e+00
    384.500     2.0767     47.527   2.872738     47.089    32.3294    1455.70    32.4858  1026.0557 0.0000e+00
    384.750     2.0768     47.625   2.872743     47.186    32.3293    1455.70    32.4857  1026.0561 0.0000e+00
    385.000     2.0768     47.723   2.872746     47.283    32.3293    1455.70    32.4857  1026.0565 0.0000e+00
    385.250     2.0768     47.821   2.872747     47.380    32.3293    1455.70    32.4857  1026.0570 0.0000e+00
    385.500     2.0767     47.919   2.872747     47.477    32.3293    1455.71    32.4858  1026.0575 0.0000e+00
    385.750     2.0767     48.016   2.872746     47.574    32.3292    1455.71    32.4857  1026.0579 0.0000e+00
    386.000     2.0766     48.112   2.872744     47.669    32.3293    1455.71    32.4858  1026.0584 0.0000e+00
    386.250     2.0765     48.207   2.872740     47.763    32.3293    1455.71    32.4858  1026.0589 0.0000e+00
    386.500     2.0765     48.301   2.872735     47.856    32.3292    1455.71    32.4857  1026.0592 0.0000e+00
    386.750     2.0764     48.395   2.872730     47.949    32.3291    1455.71    32.4857  1026.0597 0.0000e+00
    387.000     2.0764     48.488   2.872728     48.041    32.3291    1455.71    32.4856  1026.0601 0.0000e+00
    387.250     2.0764     48.580   2.872729     48.132    32.3290    1455.71    32.4856  1026.0605 0.0000e+00
    387.500     2.0764     48.673   2.872734     48.224    32.3290    1455.72    32.4856  1026.0609 0.0000e+00
    387.750     2.0765     48.765   2.872742     48.316    32.3290    1455.72    32.4856  1026.0613 0.0000e+00
    388.000     2.0766     48.858   2.872754     48.408    32.3290    1455.72    32.4856  1026.0618 0.0000e+00
    388.250     2.0767     48.951   2.872773     48.500    32.3291    1455.72    32.4857  1026.0623 0.0000e+00
    388.500     2.0770     49.045   2.872802     48.593    32.3291    1455.73    32.4857  1026.0627 0.0000e+00
    388.750     2.0773     49.140   2.872838     48.687    32.3292    1455.73    32.4858  1026.0632 0.0000e+00
    389.000     2.0776     49.235   2.872874     48.781    32.3293    1455.73    32.4859  1026.0637 0.0000e+00
    389.250     2.0779     49.331   2.872904     48.876    32.3293    1455.73    32.4859  1026.0642 0.0000e+00
    389.500     2.0780     49.427   2.872921     48.971    32.3293    1455.74    32.4860  1026.0647 0.0000e+00
    389.750     2.0781     49.524   2.872928     49.067    32.3293    1455.74    32.4859  1026.0651 0.0000e+00
    390.000     2.0780     49.622   2.872924     49.165    32.3293    1455.74    32.4859  1026.0656 0.0000e+00
    390.250     2.0779     49.720   2.872913     49.262    32.3292    1455.74    32.4859  1026.0660 0.0000e+00
    390.500     2.0778     49.818   2.872898     49.359    32.3290    1455.74    32.4857  1026.0663 0.0000e+00
    390.750     2.0777     49.916   2.872886     49.456    32.3289    1455.74    32.4856  1026.0667 0.0000e+00
    391.000     2.0776     50.014   2.872875     49.553    32.3288    1455.74    32.4856  1026.0671 0.0000e+00
    391.250     2.0774     50.112   2.872863     49.650    32.3288    1455.74    32.4856  1026.0676 0.0000e+00
    391.500     2.0772     50.210   2.872846     49.747    32.3288    1455.74    32.4855  1026.0681 0.0000e+00
    391.750     2.0770     50.306   2.872827     49.842    32.3287    1455.75    32.4854  1026.0685 0.0000e+00
    392.000     2.0769     50.402   2.872815     49.937    32.3286    1455.75    32.4854  1026.0689 0.0000e+00
    392.250     2.0768     50.497   2.872816     50.031    32.3287    1455.75    32.4854  1026.0694 0.0000e+00
    392.500     2.0768     50.592   2.872825     50.125    32.3287    1455.75    32.4855  1026.0699 0.0000e+00
    392.750     2.0768     50.687   2.872834     50.220    32.3288    1455.75    32.4856  1026.0704 0.0000e+00
    393.000     2.0768     50.782   2.872838     50.314    32.3288    1455.75    32.4856  1026.0708 0.0000e+00
    393.250     2.0767     50.878   2.872838     50.409    32.3288    1455.75    32.4856  1026.0714 0.0000e+00
    393.500     2.0767     50.975   2.872833     50.505    32.3287    1455.75    32.4855  1026.0717 0.0000e+00
    393.750     2.0766     51.073   2.872824     50.602    32.3287    1455.76    32.4855  1026.0722 0.0000e+00
    394.000     2.0765     51.172   2.872817     50.700    32.3286    1455.76    32.4855  1026.0726 0.0000e+00
    394.250     2.0764     51.271   2.872814     50.798    32.3286    1455.76    32.4855  1026.0731 0.0000e+00
    394.500     2.0764     51.371   2.872817     50.897    32.3286    1455.76    32.4855  1026.0736 0.0000e+00
    394.750     2.0765     51.472   2.872824     50.997    32.3285    1455.76    32.4854  1026.0740 0.0000e+00
    395.000     2.0765     51.574   2.872835     51.098    32.3286    1455.76    32.4855  1026.0746 0.0000e+00
    395.250     2.0766     51.675   2.872850     51.198    32.3286    1455.77    32.4855  1026.0751 0.0000e+00
    395.500     2.0767     51.776   2.872869     51.298    32.3287    1455.77    32.4856  1026.0756 0.0000e+00
    395.750     2.0768     51.876   2.872890     51.397    32.3288    1455.77    32.4858  1026.0762 0.0000e+00
    396.000     2.0770     51.976   2.872912     51.497    32.3288    1455.77    32.4858  1026.0766 0.0000e+00
    396.250     2.0771     52.074   2.872933     51.594    32.3290    1455.77    32.4859  1026.0772 0.0000e+00
    396.500     2.0772     52.172   2.872949     51.691    32.3290    1455.78    32.4859  1026.0777 0.0000e+00
    396.750     2.0773     52.269   2.872961     51.787    32.3290    1455.78    32.4860  1026.0781 0.0000e+00
    397.000     2.0775     52.365   2.872971     51.882    32.3289    1455.78    32.4858  1026.0785 0.0000e+00
    397.250     2.0776     52.459   2.872983     51.975    32.3289    1455.78    32.4858  1026.0789 0.0000e+00
    397.500     2.0778     52.552   2.872999     52.067    32.3288    1455.79    32.4858  1026.0793 0.0000e+00
    397.750     2.0779     52.644   2.873017     52.158    32.3289    1455.79    32.4859  1026.0798 0.0000e+00
    398.000     2.0779     52.735   2.873028     52.248    32.3290    1455.79    32.4860  1026.0803 0.0000e+00
    398.250     2.0779     52.825   2.873028     52.338    32.3289    1455.79    32.4859  1026.0807 0.0000e+00
    398.500     2.0778     52.915   2.873019     52.427    32.3288    1455.79    32.4859  1026.0811 0.0000e+00
    398.750     2.0777     53.005   2.873009     52.516    32.3288    1455.79    32.4858  1026.0815 0.0000e+00
    399.000     2.0776     53.095   2.873002     52.605    32.3287    1455.79    32.4858  1026.0819 0.0000e+00
    399.250     2.0776     53.185   2.872999     52.694    32.3287    1455.79    32.4857  1026.0822 0.0000e+00
    399.500     2.0776     53.276   2.873001     52.784    32.3286    1455.80    32.4857  1026.0827 0.0000e+00
    399.750     2.0777     53.368   2.873008     52.876    32.3286    1455.80    32.4857  1026.0830 0.0000e+00
    400.000     2.0777     53.461   2.873018     52.968    32.3286    1455.80    32.4857  1026.0836 0.0000e+00
    400.250     2.0778     53.555   2.873032     53.061    32.3287    1455.80    32.4858  1026.0840 0.0000e+00
    400.500     2.0780     53.649   2.873048     53.154    32.3286    1455.80    32.4857  1026.0844 0.0000e+00
    400.750     2.0781     53.745   2.873067     53.249    32.3287    1455.81    32.4858  1026.0849 0.0000e+00
    401.000     2.0782     53.841   2.873088     53.344    32.3288    1455.81    32.4859  1026.0855 0.0000e+00
    401.250     2.0784     53.936   2.873111     53.438    32.3288    1455.81    32.4860  1026.0859 0.0000e+00
    401.500     2.0787     54.032   2.873135     53.533    32.3288    1455.81    32.4859  1026.0863 0.0000e+00
    401.750     2.0789     54.127   2.873159     53.627    32.3288    1455.82    32.4860  1026.0868 0.0000e+00
    402.000     2.0791     54.221   2.873183     53.721    32.3288    1455.82    32.4860  1026.0873 0.0000e+00
    402.250     2.0792     54.315   2.873203     53.814    32.3289    1455.82    32.4861  1026.0878 0.0000e+00
    402.500     2.0794     54.408   2.873217     53.906    32.3289    1455.82    32.4861  1026.0882 0.0000e+00
    402.750     2.0796     54.501   2.873230     53.998    32.3288    1455.82    32.4860  1026.0885 0.0000e+00
    403.000     2.0798     54.593   2.873244     54.089    32.3287    1455.83    32.4859  1026.0889 0.0000e+00
    403.250     2.0799     54.686   2.873263     54.181    32.3288    1455.83    32.4860  1026.0894 0.0000e+00
    403.500     2.0801     54.778   2.873284     54.272    32.3288    1455.83    32.4860  1026.0898 0.0000e+00
    403.750     2.0802     54.872   2.873301     54.365    32.3288    1455.83    32.4861  1026.0903 0.0000e+00
    404.000     2.0803     54.967   2.873313     54.460    32.3288    1455.84    32.4861  1026.0908 0.0000e+00
    404.250     2.0805     55.063   2.873322     54.555    32.3287    1455.84    32.4860  1026.0911 0.0000e+00
    404.500     2.0806     55.162   2.873330     54.653    32.3286    1455.84    32.4859  1026.0915 0.0000e+00
    404.750     2.0806     55.263   2.873338     54.753    32.3287    1455.84    32.4860  1026.0920 0.0000e+00
    405.000     2.0807     55.366   2.873349     54.855    32.3287    1455.84    32.4860  1026.0925 0.0000e+00
    405.250     2.0808     55.472   2.873360     54.960    32.3286    1455.85    32.4859  1026.0930 0.0000e+00
    405.500     2.0809     55.580   2.873372     55.067    32.3286    1455.85    32.4859  1026.0935 0.0000e+00
    405.750     2.0810     55.689   2.873385     55.175    32.3286    1455.85    32.4860  1026.0940 0.0000e+00
    406.000     2.0811     55.799   2.873398     55.284    32.3286    1455.85    32.4860  1026.0945 0.0000e+00
    406.250     2.0812     55.909   2.873410     55.393    32.3286    1455.85    32.4860  1026.0950 0.0000e+00
    406.500     2.0812     56.018   2.873421     55.501    32.3287    1455.86    32.4861  1026.0956 0.0000e+00
    406.750     2.0813     56.124   2.873430     55.606    32.3286    1455.86    32.4860  1026.0961 0.0000e+00
    407.000     2.0813     56.228   2.873437     55.709    32.3287    1455.86    32.4861  1026.0966 0.0000e+00
    407.250     2.0813     56.328   2.873444     55.808    32.3287    1455.86    32.4861  1026.0971 0.0000e+00
    407.500     2.0814     56.426   2.873449     55.905    32.3286    1455.86    32.4860  1026.0975 0.0000e+00
    407.750     2.0814     56.521   2.873452     55.999    32.3286    1455.87    32.4860  1026.0979 0.0000e+00
    408.000     2.0814     56.614   2.873455     56.091    32.3286    1455.87    32.4860  1026.0984 0.0000e+00
    408.250     2.0815     56.705   2.873457     56.181    32.3285    1455.87    32.4859  1026.0987 0.0000e+00
    408.500     2.0815     56.793   2.873458     56.268    32.3284    1455.87    32.4859  1026.0991 0.0000e+00
    408.750     2.0815     56.881   2.873457     56.356    32.3284    1455.87    32.4858  1026.0995 0.0000e+00
    409.000     2.0814     56.968   2.873455     56.442    32.3284    1455.87    32.4859  1026.0999 0.0000e+00
    409.250     2.0814     57.054   2.873452     56.527    32.3283    1455.87    32.4858  1026.1003 0.0000e+00
    409.500     2.0813     57.141   2.873450     56.613    32.3283    1455.87    32.4858  1026.1007 0.0000e+00
    409.750     2.0813     57.229   2.873447     56.700    32.3282    1455.88    32.4857  1026.1011 0.0000e+00
    410.000     2.0813     57.316   2.873446     56.787    32.3282    1455.88    32.4857  1026.1015 0.0000e+00
    410.250     2.0813     57.404   2.873447     56.874    32.3281    1455.88    32.4857  1026.1019 0.0000e+00
    410.500     2.0812     57.490   2.873449     56.959    32.3282    1455.88    32.4858  1026.1023 0.0000e+00
    410.750     2.0812     57.576   2.873451     57.044    32.3282    1455.88    32.4857  1026.1027 0.0000e+00
    411.000     2.0811     57.659   2.873452     57.126    32.3283    1455.88    32.4858  1026.1032 0.0000e+00
    411.250     2.0811     57.740   2.873451     57.207    32.3282    1455.88    32.4858  1026.1035 0.0000e+00
    411.500     2.0810     57.819   2.873451     57.285    32.3283    1455.88    32.4858  1026.1040 0.0000e+00
    411.750     2.0810     57.895   2.873454     57.360    32.3283    1455.89    32.4859  1026.1043 0.0000e+00
    412.000     2.0811     57.968   2.873460     57.432    32.3282    1455.89    32.4858  1026.1046 0.0000e+00
    412.250     2.0811     58.040   2.873468     57.504    32.3283    1455.89    32.4859  1026.1050 0.0000e+00
    412.500     2.0812     58.110   2.873481     57.573    32.3283    1455.89    32.4859  1026.1054 0.0000e+00
    412.750     2.0813     58.180   2.873497     57.642    32.3283    1455.89    32.4860  1026.1057 0.0000e+00
    413.000     2.0815     58.250   2.873516     57.712    32.3283    1455.89    32.4860  1026.1061 0.0000e+00
    413.250     2.0816     58.321   2.873538     57.782    32.3285    1455.90    32.4861  1026.1065 0.0000e+00
    413.500     2.0818     58.394   2.873561     57.854    32.3285    1455.90    32.4861  1026.1069 0.0000e+00
    413.750     2.0819     58.470   2.873581     57.930    32.3286    1455.90    32.4863  1026.1073 0.0000e+00
    414.000     2.0820     58.550   2.873596     58.009    32.3287    1455.90    32.4863  1026.1077 0.0000e+00
    414.250     2.0821     58.632   2.873608     58.090    32.3287    1455.90    32.4863  1026.1081 0.0000e+00
    414.500     2.0823     58.717   2.873619     58.174    32.3286    1455.90    32.4862  1026.1084 0.0000e+00
    414.750     2.0824     58.805   2.873630     58.262    32.3285    1455.91    32.4862  1026.1088 0.0000e+00
    415.000     2.0825     58.894   2.873639     58.350    32.3285    1455.91    32.4862  1026.1092 0.0000e+00
    415.250     2.0826     58.985   2.873647     58.440    32.3284    1455.91    32.4861  1026.1096 0.0000e+00
    415.500     2.0826     59.076   2.873655     58.530    32.3285    1455.91    32.4862  1026.1101 0.0000e+00
    415.750     2.0827     59.166   2.873662     58.619    32.3284    1455.91    32.4861  1026.1104 0.0000e+00
    416.000     2.0827     59.256   2.873668     58.708    32.3285    1455.92    32.4862  1026.1109 0.0000e+00
    416.250     2.0827     59.344   2.873675     58.796    32.3285    1455.92    32.4862  1026.1114 0.0000e+00
    416.500     2.0828     59.432   2.873682     58.883    32.3284    1455.92    32.4862  1026.1117 0.0000e+00
    416.750     2.0828     59.518   2.873687     58.968    32.3285    1455.92    32.4862  1026.1121 0.0000e+00
    417.000     2.0828     59.603   2.873691     59.052    32.3285    1455.92    32.4862  1026.1126 0.0000e+00
    417.250     2.0828     59.687   2.873694     59.135    32.3284    1455.92    32.4862  1026.1130 0.0000e+00
    417.500     2.0828     59.768   2.873697     59.216    32.3284    1455.92    32.4862  1026.1133 0.0000e+00
    417.750     2.0828     59.849   2.873701     59.296    32.3284    1455.93    32.4862  1026.1137 0.0000e+00
    418.000     2.0828     59.927   2.873706     59.373    32.3285    1455.93    32.4863  1026.1141 0.0000e+00
    418.250     2.0829     60.005   2.873711     59.450    32.3284    1455.93    32.4862  1026.1144 0.0000e+00
    418.500     2.0829     60.082   2.873716     59.527    32.3284    1455.93    32.4862  1026.1148 0.0000e+00
