inst/extdata/ex_data/ctm_upcast_ex.cnv
* Sea-Bird SBE19plus  Data File:
* FileName = C:\CTD\202101_162_L2\2021_07_02\2021_07_02_0005.hex
* Software version 2.8.0.119
* Temperature SN = 8102
* Conductivity SN = 8102
* System UpLoad Time = Jul 02 2021 18:15:39
** Longitude: 171 17.6496 W
** Latitude: 59 58.3938 N
** ship: 162
** station: P-22
** depth: 68
** Longitude: 171 17.6496 W
** Latitude: 59 58.3938 N
** ship: 162
** station: P-22
** depth: 68
# nquan = 10                                
# nvalues = 965                         
# units = specified
# name 0 = timeS: Time, Elapsed [seconds]
# name 1 = tv290C: Temperature [ITS-90, deg C]
# name 2 = prdM: Pressure, Strain Gauge [db]
# name 3 = c0S/m: Conductivity [S/m]
# name 4 = depSM: Depth [salt water, m], lat = 56
# name 5 = sal00: Salinity, Practical [PSU]
# name 6 = svCM: Sound Velocity [Chen-Millero, m/s]
# name 7 = gsw_saA0: Absolute Salinity [g/kg]
# name 8 = gsw_densityA0: density, TEOS-10 [density, kg/m^3]
# name 9 = flag: flag
# span 0 =   2258.000,   2499.000       
# span 1 =     2.4483,     7.4456       
# span 2 =      0.511,     68.422       
# span 3 =   2.903738,   3.314000       
# span 4 =      0.506,     67.788       
# span 5 =    32.1926,    32.3994       
# span 6 =    1457.20,    1476.93       
# span 7 =    32.3457,    32.5535       
# span 8 =  1025.1658,  1026.1278       
# span 9 = 0.0000e+00, 0.0000e+00       
# interval = seconds: 0.25
# start_time = Jul 02 2021 17:12:39 [Instrument's time stamp, header]
# bad_flag = -9.990e-29
*END*
[from data line 145]
   2294.250     2.4617     66.031   2.905428     65.420    32.3318    1457.69    32.4903  1026.1166 0.0000e+00
   2294.500     2.4618     65.990   2.905444     65.379    32.3320    1457.69    32.4904  1026.1165 0.0000e+00
   2294.750     2.4619     65.947   2.905456     65.336    32.3320    1457.69    32.4905  1026.1163 0.0000e+00
   2295.000     2.4620     65.903   2.905461     65.293    32.3320    1457.69    32.4905  1026.1161 0.0000e+00
   2295.250     2.4621     65.859   2.905461     65.249    32.3319    1457.69    32.4904  1026.1158 0.0000e+00
   2295.500     2.4621     65.814   2.905458     65.205    32.3319    1457.69    32.4904  1026.1156 0.0000e+00
   2295.750     2.4620     65.770   2.905452     65.161    32.3320    1457.69    32.4904  1026.1154 0.0000e+00
   2296.000     2.4620     65.726   2.905443     65.118    32.3319    1457.69    32.4903  1026.1152 0.0000e+00
   2296.250     2.4619     65.682   2.905432     65.074    32.3319    1457.68    32.4903  1026.1149 0.0000e+00
   2296.500     2.4618     65.638   2.905421     65.030    32.3319    1457.68    32.4903  1026.1147 0.0000e+00
   2296.750     2.4617     65.594   2.905411     64.987    32.3319    1457.68    32.4903  1026.1145 0.0000e+00
   2297.000     2.4616     65.549   2.905400     64.942    32.3319    1457.68    32.4903  1026.1143 0.0000e+00
   2297.250     2.4616     65.504   2.905390     64.898    32.3318    1457.68    32.4902  1026.1140 0.0000e+00
   2297.500     2.4615     65.457   2.905378     64.851    32.3317    1457.68    32.4902  1026.1138 0.0000e+00
   2297.750     2.4613     65.410   2.905362     64.805    32.3318    1457.68    32.4902  1026.1136 0.0000e+00
   2298.000     2.4612     65.362   2.905346     64.757    32.3317    1457.68    32.4901  1026.1133 0.0000e+00
   2298.250     2.4611     65.313   2.905332     64.708    32.3316    1457.67    32.4901  1026.1131 0.0000e+00
   2298.500     2.4610     65.263   2.905321     64.659    32.3316    1457.67    32.4900  1026.1128 0.0000e+00
   2298.750     2.4609     65.212   2.905311     64.608    32.3316    1457.67    32.4900  1026.1126 0.0000e+00
   2299.000     2.4609     65.161   2.905303     64.558    32.3316    1457.67    32.4900  1026.1123 0.0000e+00
   2299.250     2.4608     65.109   2.905298     64.506    32.3316    1457.67    32.4900  1026.1121 0.0000e+00
   2299.500     2.4608     65.057   2.905297     64.455    32.3317    1457.67    32.4900  1026.1119 0.0000e+00
   2299.750     2.4608     65.005   2.905298     64.403    32.3317    1457.67    32.4901  1026.1117 0.0000e+00
   2300.000     2.4607     64.953   2.905297     64.352    32.3318    1457.67    32.4902  1026.1115 0.0000e+00
   2300.250     2.4607     64.901   2.905292     64.300    32.3318    1457.67    32.4901  1026.1112 0.0000e+00
   2300.500     2.4606     64.849   2.905283     64.249    32.3318    1457.66    32.4902  1026.1110 0.0000e+00
   2300.750     2.4605     64.799   2.905269     64.199    32.3318    1457.66    32.4901  1026.1107 0.0000e+00
   2301.000     2.4603     64.748   2.905248     64.149    32.3317    1457.66    32.4901  1026.1105 0.0000e+00
   2301.250     2.4601     64.698   2.905223     64.099    32.3317    1457.66    32.4900  1026.1102 0.0000e+00
   2301.500     2.4599     64.647   2.905201     64.049    32.3316    1457.66    32.4899  1026.1099 0.0000e+00
   2301.750     2.4598     64.596   2.905183     63.998    32.3315    1457.66    32.4898  1026.1096 0.0000e+00
   2302.000     2.4597     64.543   2.905167     63.946    32.3315    1457.66    32.4898  1026.1093 0.0000e+00
   2302.250     2.4595     64.490   2.905153     63.893    32.3315    1457.65    32.4898  1026.1091 0.0000e+00
   2302.500     2.4594     64.436   2.905139     63.840    32.3315    1457.65    32.4898  1026.1089 0.0000e+00
   2302.750     2.4593     64.381   2.905125     63.785    32.3314    1457.65    32.4897  1026.1086 0.0000e+00
   2303.000     2.4592     64.326   2.905110     63.731    32.3314    1457.65    32.4897  1026.1083 0.0000e+00
   2303.250     2.4591     64.270   2.905097     63.675    32.3313    1457.65    32.4896  1026.1080 0.0000e+00
   2303.500     2.4590     64.213   2.905087     63.619    32.3314    1457.65    32.4896  1026.1077 0.0000e+00
   2303.750     2.4589     64.155   2.905076     63.561    32.3314    1457.65    32.4896  1026.1075 0.0000e+00
   2304.000     2.4588     64.097   2.905063     63.504    32.3313    1457.64    32.4896  1026.1072 0.0000e+00
   2304.250     2.4586     64.038   2.905049     63.445    32.3314    1457.64    32.4897  1026.1069 0.0000e+00
   2304.500     2.4585     63.979   2.905034     63.387    32.3313    1457.64    32.4896  1026.1066 0.0000e+00
   2304.750     2.4583     63.920   2.905018     63.329    32.3314    1457.64    32.4896  1026.1064 0.0000e+00
   2305.000     2.4581     63.860   2.904999     63.269    32.3314    1457.64    32.4896  1026.1061 0.0000e+00
   2305.250     2.4580     63.801   2.904980     63.211    32.3313    1457.64    32.4895  1026.1058 0.0000e+00
   2305.500     2.4578     63.742   2.904965     63.152    32.3313    1457.63    32.4896  1026.1055 0.0000e+00
   2305.750     2.4577     63.683   2.904954     63.094    32.3313    1457.63    32.4895  1026.1053 0.0000e+00
   2306.000     2.4576     63.624   2.904948     63.035    32.3314    1457.63    32.4896  1026.1050 0.0000e+00
   2306.250     2.4576     63.565   2.904944     62.977    32.3314    1457.63    32.4896  1026.1047 0.0000e+00
   2306.500     2.4575     63.505   2.904940     62.917    32.3315    1457.63    32.4897  1026.1045 0.0000e+00
   2306.750     2.4575     63.446   2.904936     62.859    32.3314    1457.63    32.4896  1026.1042 0.0000e+00
   2307.000     2.4574     63.385   2.904931     62.799    32.3315    1457.63    32.4897  1026.1040 0.0000e+00
   2307.250     2.4574     63.324   2.904924     62.738    32.3315    1457.63    32.4896  1026.1037 0.0000e+00
   2307.500     2.4574     63.263   2.904914     62.678    32.3314    1457.62    32.4895  1026.1033 0.0000e+00
   2307.750     2.4573     63.201   2.904906     62.616    32.3314    1457.62    32.4896  1026.1030 0.0000e+00
   2308.000     2.4573     63.139   2.904901     62.555    32.3314    1457.62    32.4895  1026.1027 0.0000e+00
   2308.250     2.4572     63.076   2.904895     62.492    32.3314    1457.62    32.4896  1026.1025 0.0000e+00
   2308.500     2.4572     63.012   2.904889     62.429    32.3314    1457.62    32.4895  1026.1021 0.0000e+00
   2308.750     2.4571     62.947   2.904883     62.365    32.3315    1457.62    32.4896  1026.1019 0.0000e+00
   2309.000     2.4571     62.881   2.904877     62.299    32.3314    1457.62    32.4896  1026.1015 0.0000e+00
   2309.250     2.4570     62.816   2.904872     62.235    32.3315    1457.62    32.4896  1026.1013 0.0000e+00
   2309.500     2.4570     62.750   2.904866     62.170    32.3315    1457.61    32.4896  1026.1009 0.0000e+00
   2309.750     2.4569     62.683   2.904858     62.103    32.3315    1457.61    32.4896  1026.1007 0.0000e+00
   2310.000     2.4567     62.617   2.904847     62.038    32.3316    1457.61    32.4897  1026.1004 0.0000e+00
   2310.250     2.4566     62.550   2.904833     61.971    32.3316    1457.61    32.4897  1026.1001 0.0000e+00
   2310.500     2.4565     62.482   2.904815     61.904    32.3315    1457.61    32.4896  1026.0997 0.0000e+00
   2310.750     2.4563     62.415   2.904793     61.838    32.3314    1457.61    32.4895  1026.0994 0.0000e+00
   2311.000     2.4560     62.347   2.904766     61.770    32.3315    1457.60    32.4895  1026.0991 0.0000e+00
   2311.250     2.4558     62.280   2.904737     61.704    32.3313    1457.60    32.4894  1026.0987 0.0000e+00
   2311.500     2.4556     62.212   2.904709     61.637    32.3312    1457.60    32.4893  1026.0983 0.0000e+00
   2311.750     2.4554     62.144   2.904684     61.569    32.3312    1457.60    32.4892  1026.0979 0.0000e+00
   2312.000     2.4552     62.076   2.904665     61.502    32.3312    1457.60    32.4892  1026.0976 0.0000e+00
   2312.250     2.4551     62.007   2.904652     61.434    32.3312    1457.59    32.4892  1026.0973 0.0000e+00
   2312.500     2.4550     61.938   2.904644     61.365    32.3312    1457.59    32.4892  1026.0970 0.0000e+00
   2312.750     2.4549     61.869   2.904638     61.297    32.3313    1457.59    32.4893  1026.0967 0.0000e+00
   2313.000     2.4549     61.800   2.904633     61.228    32.3312    1457.59    32.4892  1026.0964 0.0000e+00
   2313.250     2.4548     61.732   2.904628     61.161    32.3313    1457.59    32.4893  1026.0961 0.0000e+00
   2313.500     2.4548     61.663   2.904622     61.093    32.3313    1457.59    32.4893  1026.0958 0.0000e+00
   2313.750     2.4547     61.595   2.904617     61.025    32.3313    1457.59    32.4893  1026.0955 0.0000e+00
   2314.000     2.4546     61.527   2.904611     60.958    32.3314    1457.58    32.4894  1026.0952 0.0000e+00
   2314.250     2.4546     61.459   2.904604     60.891    32.3314    1457.58    32.4893  1026.0949 0.0000e+00
   2314.500     2.4545     61.390   2.904594     60.822    32.3314    1457.58    32.4894  1026.0946 0.0000e+00
   2314.750     2.4543     61.321   2.904578     60.754    32.3314    1457.58    32.4894  1026.0943 0.0000e+00
   2315.000     2.4542     61.251   2.904557     60.685    32.3313    1457.58    32.4893  1026.0939 0.0000e+00
   2315.250     2.4541     61.179   2.904536     60.613    32.3312    1457.58    32.4891  1026.0934 0.0000e+00
   2315.500     2.4540     61.106   2.904521     60.541    32.3311    1457.57    32.4891  1026.0930 0.0000e+00
   2315.750     2.4539     61.032   2.904511     60.468    32.3312    1457.57    32.4891  1026.0927 0.0000e+00
   2316.000     2.4539     60.956   2.904507     60.392    32.3311    1457.57    32.4891  1026.0923 0.0000e+00
   2316.250     2.4540     60.878   2.904509     60.315    32.3311    1457.57    32.4890  1026.0919 0.0000e+00
   2316.500     2.4540     60.798   2.904517     60.236    32.3313    1457.57    32.4892  1026.0917 0.0000e+00
   2316.750     2.4541     60.718   2.904529     60.157    32.3313    1457.57    32.4892  1026.0913 0.0000e+00
   2317.000     2.4542     60.638   2.904540     60.077    32.3314    1457.57    32.4893  1026.0910 0.0000e+00
   2317.250     2.4543     60.558   2.904549     59.998    32.3315    1457.57    32.4894  1026.0907 0.0000e+00
   2317.500     2.4544     60.477   2.904558     59.918    32.3315    1457.57    32.4894  1026.0903 0.0000e+00
   2317.750     2.4545     60.395   2.904564     59.837    32.3315    1457.57    32.4894  1026.0899 0.0000e+00
   2318.000     2.4545     60.314   2.904567     59.756    32.3316    1457.56    32.4895  1026.0896 0.0000e+00
   2318.250     2.4546     60.232   2.904569     59.675    32.3316    1457.56    32.4894  1026.0892 0.0000e+00
   2318.500     2.4546     60.150   2.904568     59.594    32.3316    1457.56    32.4895  1026.0888 0.0000e+00
   2318.750     2.4545     60.068   2.904563     59.513    32.3317    1457.56    32.4895  1026.0885 0.0000e+00
   2319.000     2.4544     59.985   2.904549     59.431    32.3317    1457.56    32.4895  1026.0881 0.0000e+00
   2319.250     2.4543     59.901   2.904524     59.347    32.3315    1457.56    32.4893  1026.0875 0.0000e+00
   2319.500     2.4541     59.816   2.904490     59.263    32.3314    1457.55    32.4892  1026.0870 0.0000e+00
   2319.750     2.4538     59.731   2.904457     59.179    32.3313    1457.55    32.4891  1026.0866 0.0000e+00
   2320.000     2.4536     59.644   2.904432     59.093    32.3312    1457.55    32.4890  1026.0861 0.0000e+00
   2320.250     2.4534     59.556   2.904409     59.006    32.3312    1457.55    32.4890  1026.0857 0.0000e+00
   2320.500     2.4532     59.468   2.904385     58.918    32.3312    1457.54    32.4889  1026.0853 0.0000e+00
   2320.750     2.4530     59.379   2.904360     58.830    32.3311    1457.54    32.4889  1026.0848 0.0000e+00
   2321.000     2.4529     59.290   2.904337     58.742    32.3310    1457.54    32.4887  1026.0843 0.0000e+00
   2321.250     2.4527     59.201   2.904319     58.654    32.3310    1457.54    32.4887  1026.0839 0.0000e+00
   2321.500     2.4525     59.113   2.904307     58.567    32.3311    1457.53    32.4888  1026.0836 0.0000e+00
   2321.750     2.4524     59.025   2.904300     58.480    32.3312    1457.53    32.4889  1026.0832 0.0000e+00
   2322.000     2.4524     58.938   2.904295     58.393    32.3312    1457.53    32.4889  1026.0828 0.0000e+00
   2322.250     2.4523     58.852   2.904292     58.308    32.3313    1457.53    32.4890  1026.0825 0.0000e+00
   2322.500     2.4523     58.767   2.904288     58.224    32.3313    1457.53    32.4889  1026.0821 0.0000e+00
   2322.750     2.4523     58.683   2.904284     58.141    32.3313    1457.53    32.4889  1026.0816 0.0000e+00
   2323.000     2.4523     58.600   2.904279     58.059    32.3312    1457.53    32.4889  1026.0812 0.0000e+00
   2323.250     2.4523     58.517   2.904277     57.976    32.3313    1457.52    32.4889  1026.0809 0.0000e+00
   2323.500     2.4523     58.436   2.904277     57.896    32.3313    1457.52    32.4890  1026.0805 0.0000e+00
   2323.750     2.4524     58.355   2.904278     57.816    32.3313    1457.52    32.4889  1026.0801 0.0000e+00
   2324.000     2.4524     58.275   2.904278     57.737    32.3313    1457.52    32.4889  1026.0797 0.0000e+00
   2324.250     2.4524     58.196   2.904274     57.658    32.3313    1457.52    32.4889  1026.0793 0.0000e+00
   2324.500     2.4524     58.117   2.904266     57.580    32.3312    1457.52    32.4889  1026.0789 0.0000e+00
   2324.750     2.4523     58.037   2.904257     57.501    32.3313    1457.52    32.4889  1026.0786 0.0000e+00
   2325.000     2.4522     57.957   2.904247     57.422    32.3313    1457.52    32.4889  1026.0782 0.0000e+00
   2325.250     2.4521     57.875   2.904234     57.340    32.3313    1457.51    32.4889  1026.0778 0.0000e+00
   2325.500     2.4521     57.793   2.904221     57.259    32.3312    1457.51    32.4887  1026.0773 0.0000e+00
   2325.750     2.4520     57.709   2.904210     57.176    32.3312    1457.51    32.4887  1026.0769 0.0000e+00
   2326.000     2.4519     57.624   2.904200     57.092    32.3312    1457.51    32.4888  1026.0766 0.0000e+00
   2326.250     2.4518     57.538   2.904189     57.006    32.3312    1457.51    32.4888  1026.0762 0.0000e+00
   2326.500     2.4517     57.451   2.904175     56.920    32.3312    1457.50    32.4887  1026.0757 0.0000e+00
   2326.750     2.4517     57.362   2.904161     56.832    32.3311    1457.50    32.4886  1026.0752 0.0000e+00
   2327.000     2.4516     57.273   2.904150     56.744    32.3311    1457.50    32.4886  1026.0748 0.0000e+00
   2327.250     2.4515     57.184   2.904142     56.656    32.3311    1457.50    32.4886  1026.0744 0.0000e+00
   2327.500     2.4515     57.095   2.904135     56.568    32.3311    1457.50    32.4886  1026.0740 0.0000e+00
   2327.750     2.4515     57.006   2.904129     56.479    32.3311    1457.50    32.4886  1026.0735 0.0000e+00
   2328.000     2.4515     56.917   2.904125     56.391    32.3311    1457.49    32.4885  1026.0731 0.0000e+00
   2328.250     2.4515     56.829   2.904125     56.304    32.3311    1457.49    32.4886  1026.0727 0.0000e+00
   2328.500     2.4515     56.741   2.904128     56.217    32.3312    1457.49    32.4887  1026.0723 0.0000e+00
   2328.750     2.4515     56.653   2.904131     56.130    32.3313    1457.49    32.4887  1026.0720 0.0000e+00
   2329.000     2.4515     56.564   2.904132     56.042    32.3313    1457.49    32.4888  1026.0716 0.0000e+00
   2329.250     2.4515     56.475   2.904125     55.953    32.3313    1457.49    32.4887  1026.0712 0.0000e+00
   2329.500     2.4514     56.384   2.904111     55.863    32.3313    1457.49    32.4887  1026.0707 0.0000e+00
   2329.750     2.4513     56.292   2.904092     55.772    32.3312    1457.48    32.4886  1026.0702 0.0000e+00
