inst/extdata/ex_data/ctm_upcast_ex.cnv
* Sea-Bird SBE19plus  Data File:
* FileName = C:\CTD\202101_162_L2\2021_07_02\2021_07_02_0005.hex
* Software version 2.8.0.119
* Temperature SN = 8102
* Conductivity SN = 8102
* System UpLoad Time = Jul 02 2021 18:15:39
** Longitude: 171 17.6496 W
** Latitude: 59 58.3938 N
** ship: 162
** station: P-22
** depth: 68
** Longitude: 171 17.6496 W
** Latitude: 59 58.3938 N
** ship: 162
** station: P-22
** depth: 68
# nquan = 10                                
# nvalues = 965                         
# units = specified
# name 0 = timeS: Time, Elapsed [seconds]
# name 1 = tv290C: Temperature [ITS-90, deg C]
# name 2 = prdM: Pressure, Strain Gauge [db]
# name 3 = c0S/m: Conductivity [S/m]
# name 4 = depSM: Depth [salt water, m], lat = 56
# name 5 = sal00: Salinity, Practical [PSU]
# name 6 = svCM: Sound Velocity [Chen-Millero, m/s]
# name 7 = gsw_saA0: Absolute Salinity [g/kg]
# name 8 = gsw_densityA0: density, TEOS-10 [density, kg/m^3]
# name 9 = flag: flag
# span 0 =   2258.000,   2499.000       
# span 1 =     2.4483,     7.4456       
# span 2 =      0.511,     68.422       
# span 3 =   2.903738,   3.314000       
# span 4 =      0.506,     67.788       
# span 5 =    32.1926,    32.3994       
# span 6 =    1457.20,    1476.93       
# span 7 =    32.3457,    32.5535       
# span 8 =  1025.1658,  1026.1278       
# span 9 = 0.0000e+00, 0.0000e+00       
# interval = seconds: 0.25
# start_time = Jul 02 2021 17:12:39 [Instrument's time stamp, header]
# bad_flag = -9.990e-29
*END*
   2258.000     2.4683     68.422   2.906099     67.788    32.3321    1457.76    32.4909  1026.1278 -9.990e-29
   2258.250     2.4684     68.422   2.906114     67.788    32.3322    1457.76    32.4909  1026.1278 -9.990e-29
   2258.500     2.4685     68.420   2.906124     67.786    32.3322    1457.76    32.4910  1026.1278 -9.990e-29
   2258.750     2.4687     68.418   2.906133     67.784    32.3321    1457.76    32.4909  1026.1277 -9.990e-29
   2259.000     2.4688     68.416   2.906143     67.782    32.3321    1457.76    32.4909  1026.1277 -9.990e-29
   2259.250     2.4689     68.413   2.906154     67.779    32.3322    1457.76    32.4909  1026.1277 -9.990e-29
   2259.500     2.4691     68.410   2.906163     67.776    32.3321    1457.76    32.4908  1026.1276 -9.990e-29
   2259.750     2.4692     68.406   2.906169     67.772    32.3321    1457.76    32.4908  1026.1276 -9.990e-29
   2260.000     2.4692     68.401   2.906174     67.767    32.3321    1457.76    32.4909  1026.1276 -9.990e-29
   2260.250     2.4693     68.396   2.906179     67.762    32.3321    1457.76    32.4908  1026.1275 -9.990e-29
   2260.500     2.4693     68.389   2.906184     67.755    32.3322    1457.76    32.4909  1026.1276 -9.990e-29
   2260.750     2.4694     68.382   2.906187     67.749    32.3321    1457.76    32.4908  1026.1275 -9.990e-29
   2261.000     2.4694     68.375   2.906189     67.742    32.3321    1457.76    32.4909  1026.1275 -9.990e-29
   2261.250     2.4694     68.367   2.906192     67.734    32.3322    1457.76    32.4909  1026.1275 -9.990e-29
   2261.500     2.4694     68.359   2.906195     67.726    32.3322    1457.76    32.4909  1026.1275 -9.990e-29
   2261.750     2.4695     68.351   2.906197     67.718    32.3321    1457.76    32.4909  1026.1274 -9.990e-29
   2262.000     2.4695     68.342   2.906199     67.709    32.3322    1457.76    32.4909  1026.1273 -9.990e-29
   2262.250     2.4696     68.334   2.906201     67.701    32.3321    1457.76    32.4908  1026.1272 -9.990e-29
   2262.500     2.4696     68.325   2.906202     67.692    32.3321    1457.76    32.4908  1026.1272 -9.990e-29
   2262.750     2.4696     68.317   2.906201     67.684    32.3321    1457.76    32.4908  1026.1272 -9.990e-29
   2263.000     2.4696     68.309   2.906197     67.676    32.3321    1457.76    32.4908  1026.1271 -9.990e-29
   2263.250     2.4694     68.303   2.906187     67.670    32.3321    1457.76    32.4909  1026.1271 -9.990e-29
   2263.500     2.4692     68.299   2.906169     67.666    32.3321    1457.76    32.4909  1026.1271 -9.990e-29
   2263.750     2.4689     68.296   2.906140     67.663    32.3321    1457.76    32.4908  1026.1271 -9.990e-29
   2264.000     2.4686     68.295   2.906100     67.662    32.3319    1457.76    32.4906  1026.1270 -9.990e-29
   2264.250     2.4683     68.295   2.906057     67.662    32.3317    1457.75    32.4904  1026.1268 -9.990e-29
   2264.500     2.4680     68.295   2.906020     67.662    32.3315    1457.75    32.4902  1026.1267 -9.990e-29
   2264.750     2.4677     68.296   2.905993     67.663    32.3315    1457.75    32.4902  1026.1267 -9.990e-29
   2265.000     2.4674     68.297   2.905973     67.664    32.3315    1457.75    32.4903  1026.1268 -9.990e-29
   2265.250     2.4672     68.299   2.905957     67.666    32.3315    1457.75    32.4903  1026.1268 -9.990e-29
   2265.500     2.4669     68.299   2.905940     67.666    32.3316    1457.75    32.4904  1026.1269 -9.990e-29
   2265.750     2.4667     68.300   2.905923     67.667    32.3316    1457.75    32.4904  1026.1269 -9.990e-29
   2266.000     2.4666     68.299   2.905910     67.666    32.3316    1457.75    32.4903  1026.1269 -9.990e-29
   2266.250     2.4665     68.298   2.905901     67.665    32.3316    1457.75    32.4903  1026.1269 -9.990e-29
   2266.500     2.4664     68.297   2.905896     67.664    32.3316    1457.75    32.4903  1026.1269 -9.990e-29
   2266.750     2.4664     68.294   2.905895     67.661    32.3316    1457.75    32.4903  1026.1269 -9.990e-29
   2267.000     2.4663     68.291   2.905895     67.658    32.3317    1457.75    32.4904  1026.1270 -9.990e-29
   2267.250     2.4663     68.288   2.905897     67.655    32.3317    1457.75    32.4905  1026.1270 -9.990e-29
   2267.500     2.4663     68.284   2.905900     67.651    32.3318    1457.75    32.4905  1026.1270 -9.990e-29
   2267.750     2.4664     68.280   2.905905     67.647    32.3317    1457.75    32.4905  1026.1269 -9.990e-29
   2268.000     2.4665     68.276   2.905914     67.644    32.3317    1457.75    32.4905  1026.1269 -9.990e-29
   2268.250     2.4665     68.271   2.905925     67.639    32.3319    1457.75    32.4906  1026.1270 -9.990e-29
   2268.500     2.4666     68.267   2.905935     67.635    32.3319    1457.75    32.4906  1026.1270 -9.990e-29
   2268.750     2.4666     68.262   2.905941     67.630    32.3320    1457.75    32.4907  1026.1270 -9.990e-29
   2269.000     2.4667     68.257   2.905942     67.625    32.3319    1457.75    32.4906  1026.1269 -9.990e-29
   2269.250     2.4667     68.252   2.905941     67.620    32.3319    1457.75    32.4906  1026.1269 -9.990e-29
   2269.500     2.4668     68.247   2.905943     67.615    32.3318    1457.75    32.4905  1026.1268 -9.990e-29
   2269.750     2.4670     68.241   2.905953     67.609    32.3317    1457.75    32.4905  1026.1267 -9.990e-29
   2270.000     2.4672     68.234   2.905971     67.602    32.3317    1457.75    32.4905  1026.1267 -9.990e-29
   2270.250     2.4674     68.227   2.905993     67.595    32.3318    1457.75    32.4905  1026.1267 -9.990e-29
   2270.500     2.4675     68.220   2.906016     67.588    32.3320    1457.75    32.4907  1026.1268 -9.990e-29
   2270.750     2.4677     68.212   2.906034     67.580    32.3320    1457.75    32.4908  1026.1267 -9.990e-29
   2271.000     2.4678     68.205   2.906044     67.573    32.3321    1457.75    32.4908  1026.1267 -9.990e-29
   2271.250     2.4679     68.197   2.906048     67.565    32.3320    1457.75    32.4907  1026.1266 -9.990e-29
   2271.500     2.4679     68.189   2.906047     67.557    32.3320    1457.75    32.4907  1026.1266 -9.990e-29
   2271.750     2.4678     68.181   2.906041     67.549    32.3320    1457.75    32.4907  1026.1266 -9.990e-29
   2272.000     2.4678     68.172   2.906034     67.540    32.3319    1457.75    32.4907  1026.1265 -9.990e-29
   2272.250     2.4677     68.162   2.906028     67.531    32.3320    1457.75    32.4907  1026.1265 -9.990e-29
   2272.500     2.4676     68.151   2.906022     67.520    32.3320    1457.75    32.4907  1026.1265 -9.990e-29
   2272.750     2.4675     68.139   2.906015     67.508    32.3320    1457.75    32.4908  1026.1264 -9.990e-29
   2273.000     2.4675     68.125   2.906006     67.494    32.3319    1457.75    32.4906  1026.1263 0.0000e+00
   2273.250     2.4674     68.110   2.905998     67.479    32.3319    1457.75    32.4907  1026.1262 0.0000e+00
   2273.500     2.4674     68.095   2.905989     67.464    32.3318    1457.75    32.4906  1026.1261 0.0000e+00
   2273.750     2.4673     68.079   2.905983     67.448    32.3319    1457.75    32.4906  1026.1260 0.0000e+00
   2274.000     2.4673     68.064   2.905977     67.434    32.3318    1457.75    32.4905  1026.1259 0.0000e+00
   2274.250     2.4672     68.048   2.905972     67.418    32.3319    1457.75    32.4906  1026.1259 0.0000e+00
   2274.500     2.4672     68.032   2.905966     67.402    32.3318    1457.75    32.4905  1026.1257 0.0000e+00
   2274.750     2.4671     68.017   2.905957     67.387    32.3318    1457.74    32.4905  1026.1257 0.0000e+00
   2275.000     2.4669     68.003   2.905947     67.373    32.3319    1457.74    32.4906  1026.1257 0.0000e+00
   2275.250     2.4668     67.988   2.905933     67.358    32.3318    1457.74    32.4905  1026.1256 0.0000e+00
   2275.500     2.4666     67.974   2.905913     67.344    32.3318    1457.74    32.4905  1026.1255 0.0000e+00
   2275.750     2.4665     67.961   2.905890     67.331    32.3316    1457.74    32.4903  1026.1253 0.0000e+00
   2276.000     2.4665     67.947   2.905879     67.318    32.3315    1457.74    32.4902  1026.1251 0.0000e+00
   2276.250     2.4665     67.933   2.905887     67.304    32.3316    1457.74    32.4903  1026.1252 0.0000e+00
   2276.500     2.4666     67.919   2.905910     67.290    32.3318    1457.74    32.4905  1026.1252 0.0000e+00
   2276.750     2.4667     67.905   2.905934     67.276    32.3320    1457.74    32.4907  1026.1253 0.0000e+00
   2277.000     2.4669     67.889   2.905950     67.260    32.3320    1457.74    32.4907  1026.1252 0.0000e+00
   2277.250     2.4670     67.873   2.905959     67.244    32.3320    1457.74    32.4907  1026.1252 0.0000e+00
   2277.500     2.4671     67.857   2.905964     67.228    32.3320    1457.74    32.4907  1026.1250 0.0000e+00
   2277.750     2.4671     67.840   2.905964     67.212    32.3320    1457.74    32.4907  1026.1250 0.0000e+00
   2278.000     2.4671     67.824   2.905963     67.196    32.3320    1457.74    32.4907  1026.1249 0.0000e+00
   2278.250     2.4671     67.808   2.905961     67.180    32.3320    1457.74    32.4906  1026.1248 0.0000e+00
   2278.500     2.4670     67.793   2.905960     67.165    32.3321    1457.74    32.4907  1026.1248 0.0000e+00
   2278.750     2.4670     67.778   2.905959     67.150    32.3321    1457.74    32.4907  1026.1247 0.0000e+00
   2279.000     2.4670     67.763   2.905958     67.135    32.3320    1457.74    32.4907  1026.1247 0.0000e+00
   2279.250     2.4670     67.748   2.905957     67.120    32.3320    1457.74    32.4907  1026.1246 0.0000e+00
   2279.500     2.4670     67.734   2.905955     67.107    32.3320    1457.74    32.4907  1026.1245 0.0000e+00
   2279.750     2.4670     67.719   2.905953     67.092    32.3320    1457.74    32.4907  1026.1244 0.0000e+00
   2280.000     2.4670     67.704   2.905949     67.077    32.3320    1457.74    32.4906  1026.1243 0.0000e+00
   2280.250     2.4670     67.688   2.905943     67.061    32.3319    1457.74    32.4906  1026.1242 0.0000e+00
   2280.500     2.4669     67.673   2.905939     67.046    32.3320    1457.74    32.4906  1026.1242 0.0000e+00
   2280.750     2.4669     67.658   2.905934     67.031    32.3319    1457.74    32.4906  1026.1241 0.0000e+00
   2281.000     2.4668     67.642   2.905926     67.015    32.3319    1457.74    32.4906  1026.1240 0.0000e+00
   2281.250     2.4667     67.626   2.905914     67.000    32.3319    1457.74    32.4905  1026.1239 0.0000e+00
   2281.500     2.4666     67.609   2.905899     66.983    32.3318    1457.74    32.4905  1026.1238 0.0000e+00
   2281.750     2.4664     67.591   2.905885     66.965    32.3318    1457.73    32.4905  1026.1237 0.0000e+00
   2282.000     2.4663     67.572   2.905873     66.946    32.3318    1457.73    32.4905  1026.1236 0.0000e+00
   2282.250     2.4662     67.551   2.905862     66.925    32.3318    1457.73    32.4904  1026.1235 0.0000e+00
   2282.500     2.4661     67.530   2.905853     66.905    32.3318    1457.73    32.4904  1026.1234 0.0000e+00
   2282.750     2.4660     67.507   2.905846     66.882    32.3318    1457.73    32.4905  1026.1233 0.0000e+00
   2283.000     2.4660     67.482   2.905839     66.857    32.3317    1457.73    32.4904  1026.1232 0.0000e+00
   2283.250     2.4659     67.457   2.905833     66.832    32.3318    1457.73    32.4904  1026.1231 0.0000e+00
   2283.500     2.4658     67.431   2.905827     66.806    32.3318    1457.73    32.4905  1026.1230 0.0000e+00
   2283.750     2.4657     67.404   2.905821     66.780    32.3319    1457.73    32.4905  1026.1229 0.0000e+00
   2284.000     2.4657     67.377   2.905814     66.753    32.3318    1457.73    32.4904  1026.1227 0.0000e+00
   2284.250     2.4656     67.349   2.905808     66.725    32.3318    1457.73    32.4905  1026.1226 0.0000e+00
   2284.500     2.4656     67.320   2.905802     66.697    32.3318    1457.73    32.4904  1026.1224 0.0000e+00
   2284.750     2.4655     67.291   2.905795     66.668    32.3318    1457.73    32.4904  1026.1223 0.0000e+00
   2285.000     2.4655     67.260   2.905787     66.637    32.3317    1457.73    32.4904  1026.1221 0.0000e+00
   2285.250     2.4654     67.229   2.905778     66.606    32.3317    1457.72    32.4904  1026.1220 0.0000e+00
   2285.500     2.4654     67.197   2.905772     66.575    32.3317    1457.72    32.4903  1026.1218 0.0000e+00
   2285.750     2.4654     67.165   2.905769     66.543    32.3317    1457.72    32.4903  1026.1216 0.0000e+00
   2286.000     2.4653     67.132   2.905768     66.510    32.3318    1457.72    32.4904  1026.1216 0.0000e+00
   2286.250     2.4653     67.099   2.905767     66.478    32.3318    1457.72    32.4904  1026.1214 0.0000e+00
   2286.500     2.4652     67.067   2.905767     66.446    32.3319    1457.72    32.4905  1026.1213 0.0000e+00
   2286.750     2.4651     67.034   2.905762     66.413    32.3320    1457.72    32.4905  1026.1212 0.0000e+00
   2287.000     2.4650     67.002   2.905750     66.382    32.3319    1457.72    32.4905  1026.1211 0.0000e+00
   2287.250     2.4648     66.970   2.905732     66.350    32.3319    1457.72    32.4905  1026.1209 0.0000e+00
   2287.500     2.4646     66.938   2.905709     66.318    32.3319    1457.72    32.4904  1026.1207 0.0000e+00
   2287.750     2.4644     66.906   2.905683     66.286    32.3318    1457.71    32.4903  1026.1205 0.0000e+00
   2288.000     2.4641     66.874   2.905652     66.255    32.3317    1457.71    32.4903  1026.1204 0.0000e+00
   2288.250     2.4639     66.842   2.905618     66.223    32.3315    1457.71    32.4901  1026.1201 0.0000e+00
   2288.500     2.4636     66.810   2.905585     66.191    32.3314    1457.71    32.4900  1026.1199 0.0000e+00
   2288.750     2.4634     66.778   2.905559     66.160    32.3313    1457.71    32.4899  1026.1196 0.0000e+00
   2289.000     2.4632     66.745   2.905541     66.127    32.3313    1457.71    32.4899  1026.1195 0.0000e+00
   2289.250     2.4630     66.712   2.905528     66.094    32.3314    1457.70    32.4899  1026.1194 0.0000e+00
   2289.500     2.4628     66.678   2.905515     66.061    32.3314    1457.70    32.4900  1026.1193 0.0000e+00
   2289.750     2.4626     66.643   2.905501     66.026    32.3315    1457.70    32.4900  1026.1192 0.0000e+00
   2290.000     2.4624     66.609   2.905480     65.992    32.3315    1457.70    32.4900  1026.1190 0.0000e+00
   2290.250     2.4621     66.575   2.905450     65.959    32.3314    1457.70    32.4899  1026.1188 0.0000e+00
   2290.500     2.4618     66.541   2.905417     65.925    32.3313    1457.70    32.4899  1026.1186 0.0000e+00
   2290.750     2.4615     66.507   2.905389     65.891    32.3313    1457.69    32.4898  1026.1185 0.0000e+00
   2291.000     2.4613     66.473   2.905370     65.858    32.3313    1457.69    32.4898  1026.1183 0.0000e+00
   2291.250     2.4611     66.440   2.905356     65.825    32.3313    1457.69    32.4899  1026.1182 0.0000e+00
   2291.500     2.4610     66.407   2.905345     65.792    32.3313    1457.69    32.4898  1026.1181 0.0000e+00
   2291.750     2.4609     66.376   2.905337     65.761    32.3313    1457.69    32.4899  1026.1179 0.0000e+00
   2292.000     2.4608     66.344   2.905333     65.730    32.3314    1457.69    32.4899  1026.1178 0.0000e+00
   2292.250     2.4608     66.313   2.905333     65.699    32.3314    1457.69    32.4899  1026.1177 0.0000e+00
   2292.500     2.4609     66.282   2.905340     65.668    32.3314    1457.69    32.4899  1026.1176 0.0000e+00
   2292.750     2.4610     66.250   2.905356     65.637    32.3315    1457.69    32.4900  1026.1175 0.0000e+00
   2293.000     2.4611     66.217   2.905376     65.604    32.3317    1457.69    32.4902  1026.1174 0.0000e+00
   2293.250     2.4612     66.183   2.905393     65.570    32.3318    1457.69    32.4903  1026.1174 0.0000e+00
   2293.500     2.4613     66.148   2.905402     65.536    32.3319    1457.69    32.4904  1026.1172 0.0000e+00
   2293.750     2.4614     66.110   2.905408     65.498    32.3319    1457.69    32.4903  1026.1170 0.0000e+00
