assets/demos/compare_filters/SBE19plus_01908106_2023_06_14_0008_raw.cnv
* Sea-Bird SBE19plus  Data File:
* FileName = C:\CTD\202301_162_L2\SBE19plus_01908106_2023_06_14_0008.hex
* Software version 2.8.0.119
* Temperature SN = 8106
* Conductivity SN = 8106
* System UpLoad Time = Jun 14 2023 18:20:02
* <ApplicationData>
* <Seaterm232>
# nquan = 7
# nvalues = 10967
# units = specified
# name 1 = timeS: Time, Elapsed [seconds]
# name 2 = tv290C: Temperature [ITS-90, deg C]
# name 3 = prdM: Pressure, Strain Gauge [db]
# name 4 = c0S/m: Conductivity [S/m]
# name 5 = sbeox0V: Oxygen raw, SBE 43 [V]
# name 6 = ph: pH
# name 7 = flag:  0.000e+00
# span 1 =          0,     2741.5
# span 2 =     0.5322,     8.4626
# span 3 =      -0.18,     59.346
# span 4 =    0.00012,   3.086023
# span 5 = 1.92835889219501, 3.49233234149691
# span 6 =      7.199,       8.33
# span 7 =          0,          0
# interval = seconds: 0.25
# start_time = Jun 14 2023 15:22:07 [Instrument's time stamp, header]
# bad_flag = -9.990e-29
*END*
[from data line 8411]
   2102.750     0.5478     58.778   2.708558   2.936599      8.009        0.0
   2103.000     0.5479     58.772   2.708582   2.936065      8.008        0.0
   2103.250     0.5479     58.757   2.708582   2.936446      8.009        0.0
   2103.500     0.5480     58.745   2.708582   2.937667      8.009        0.0
   2103.750     0.5479     58.745   2.708582   2.936599      8.008        0.0
   2104.000     0.5480     58.730   2.708558   2.937972      8.009        0.0
   2104.250     0.5480     58.730   2.708558   2.937667      8.009        0.0
   2104.500     0.5480     58.724   2.708582   2.936980      8.011        0.0
   2104.750     0.5480     58.724   2.708546   2.937362      8.012        0.0
   2105.000     0.5480     58.721   2.708516   2.936599      8.010        0.0
   2105.250     0.5479     58.721   2.708540   2.936599      8.011        0.0
   2105.500     0.5477     58.721   2.708540   2.937285      8.006        0.0
   2105.750     0.5477     58.727   2.708516   2.936751      8.011        0.0
   2106.000     0.5475     58.721   2.708516   2.937362      8.006        0.0
   2106.250     0.5475     58.730   2.708498   2.936522      8.008        0.0
   2106.500     0.5474     58.733   2.708498   2.937057      8.012        0.0
   2106.750     0.5472     58.739   2.708474   2.937285      8.009        0.0
   2107.000     0.5471     58.751   2.708498   2.937591      8.007        0.0
   2107.250     0.5471     58.760   2.708474   2.936370      8.011        0.0
   2107.500     0.5471     58.763   2.708474   2.936904      8.010        0.0
   2107.750     0.5468     58.769   2.708456   2.936751      8.008        0.0
   2108.000     0.5467     58.782   2.708432   2.936599      8.010        0.0
   2108.250     0.5467     58.788   2.708450   2.939117      8.009        0.0
   2108.500     0.5467     58.794   2.708474   2.937133      8.009        0.0
   2108.750     0.5467     58.794   2.708456   2.938277      8.011        0.0
   2109.000     0.5467     58.791   2.708456   2.937514      8.010        0.0
   2109.250     0.5466     58.794   2.708456   2.936980      8.010        0.0
   2109.500     0.5466     58.791   2.708474   2.937591      8.010        0.0
   2109.750     0.5466     58.788   2.708456   2.937438      8.012        0.0
   2110.000     0.5465     58.782   2.708456   2.938277      8.011        0.0
   2110.250     0.5465     58.785   2.708456   2.937591      8.010        0.0
   2110.500     0.5465     58.775   2.708456   2.937133      8.010        0.0
   2110.750     0.5465     58.772   2.708432   2.937285      8.009        0.0
   2111.000     0.5464     58.775   2.708432   2.937362      8.010        0.0
   2111.250     0.5465     58.763   2.708432   2.936980      8.006        0.0
   2111.500     0.5464     58.763   2.708432   2.936980      8.008        0.0
   2111.750     0.5463     58.763   2.708408   2.936141      8.011        0.0
   2112.000     0.5463     58.769   2.708414   2.936370      8.011        0.0
   2112.250     0.5463     58.766   2.708432   2.936751      8.009        0.0
   2112.500     0.5463     58.772   2.708414   2.936141      8.009        0.0
   2112.750     0.5463     58.775   2.708432   2.938659      8.010        0.0
   2113.000     0.5463     58.772   2.708432   2.936522      8.005        0.0
   2113.250     0.5463     58.772   2.708432   2.938048      8.008        0.0
   2113.500     0.5464     58.766   2.708432   2.937362      8.011        0.0
   2113.750     0.5464     58.766   2.708432   2.938735      8.008        0.0
   2114.000     0.5465     58.760   2.708432   2.936980      8.010        0.0
   2114.250     0.5464     58.748   2.708414   2.937896      8.009        0.0
   2114.500     0.5464     58.742   2.708432   2.936217      8.012        0.0
   2114.750     0.5464     58.742   2.708432   2.937285      8.010        0.0
   2115.000     0.5463     58.742   2.708432   2.936980      8.009        0.0
   2115.250     0.5463     58.733   2.708414   2.936980      8.008        0.0
   2115.500     0.5462     58.730   2.708408   2.936751      8.012        0.0
   2115.750     0.5463     58.727   2.708414   2.936141      8.007        0.0
   2116.000     0.5464     58.724   2.708414   2.935912      8.008        0.0
   2116.250     0.5463     58.724   2.708414   2.936751      8.011        0.0
   2116.500     0.5464     58.733   2.708414   2.936065      8.008        0.0
   2116.750     0.5463     58.736   2.708414   2.935302      8.009        0.0
   2117.000     0.5463     58.739   2.708390   2.935607      8.011        0.0
   2117.250     0.5463     58.754   2.708390   2.935225      8.008        0.0
   2117.500     0.5464     58.763   2.708414   2.935531      8.009        0.0
   2117.750     0.5463     58.769   2.708390   2.934768      8.005        0.0
   2118.000     0.5464     58.772   2.708414   2.935149      8.010        0.0
   2118.250     0.5463     58.775   2.708414   2.935912      8.006        0.0
   2118.500     0.5463     58.785   2.708414   2.935225      8.007        0.0
   2118.750     0.5463     58.788   2.708414   2.935149      8.010        0.0
   2119.000     0.5463     58.782   2.708414   2.936065      8.010        0.0
   2119.250     0.5463     58.772   2.708390   2.934386      8.007        0.0
   2119.500     0.5462     58.776   2.708414   2.934157      8.009        0.0
   2119.750     0.5461     58.766   2.708414   2.934234      8.008        0.0
   2120.000     0.5462     58.763   2.708390   2.934386      8.009        0.0
   2120.250     0.5462     58.757   2.708390   2.933852      8.009        0.0
   2120.500     0.5462     58.754   2.708414   2.934463      8.008        0.0
   2120.750     0.5462     58.751   2.708432   2.934768      8.012        0.0
   2121.000     0.5463     58.748   2.708414   2.935073      8.010        0.0
   2121.250     0.5463     58.757   2.708414   2.935683      8.011        0.0
   2121.500     0.5463     58.754   2.708414   2.935760      8.007        0.0
   2121.750     0.5463     58.754   2.708414   2.934310      8.011        0.0
   2122.000     0.5463     58.754   2.708414   2.936141      8.009        0.0
   2122.250     0.5462     58.760   2.708414   2.935302      8.009        0.0
   2122.500     0.5463     58.754   2.708414   2.935225      8.005        0.0
   2122.750     0.5462     58.754   2.708414   2.935988      8.013        0.0
   2123.000     0.5463     58.760   2.708408   2.936446      8.011        0.0
   2123.250     0.5463     58.763   2.708414   2.935912      8.011        0.0
   2123.500     0.5463     58.763   2.708414   2.935912      8.008        0.0
   2123.750     0.5463     58.769   2.708390   2.937057      8.008        0.0
   2124.000     0.5462     58.763   2.708414   2.937133      8.012        0.0
   2124.250     0.5463     58.760   2.708390   2.937209      8.011        0.0
   2124.500     0.5462     58.769   2.708390   2.937438      8.011        0.0
   2124.750     0.5463     58.769   2.708390   2.937438      8.011        0.0
   2125.000     0.5463     58.769   2.708372   2.937972      8.007        0.0
   2125.250     0.5462     58.760   2.708390   2.936294      8.010        0.0
   2125.500     0.5463     58.760   2.708390   2.937438      8.010        0.0
   2125.750     0.5462     58.757   2.708414   2.937438      8.009        0.0
   2126.000     0.5462     58.760   2.708414   2.938888      8.011        0.0
   2126.250     0.5462     58.760   2.708390   2.937362      8.012        0.0
   2126.500     0.5463     58.760   2.708414   2.936751      8.009        0.0
   2126.750     0.5463     58.757   2.708426   2.937591      8.008        0.0
   2127.000     0.5462     58.757   2.708414   2.938735      8.010        0.0
   2127.250     0.5462     58.763   2.708414   2.937362      8.009        0.0
   2127.500     0.5462     58.760   2.708390   2.937362      8.011        0.0
   2127.750     0.5462     58.766   2.708414   2.938125      8.010        0.0
   2128.000     0.5462     58.763   2.708390   2.937438      8.010        0.0
   2128.250     0.5461     58.766   2.708390   2.938582      8.010        0.0
   2128.500     0.5461     58.757   2.708390   2.939422      8.009        0.0
   2128.750     0.5462     58.763   2.708390   2.938659      8.009        0.0
   2129.000     0.5462     58.776   2.708331   2.939193      8.010        0.0
   2129.250     0.5461     58.760   2.708414   2.938354      8.010        0.0
   2129.500     0.5462     58.763   2.708372   2.938582      8.010        0.0
   2129.750     0.5462     58.757   2.708390   2.937438      8.012        0.0
   2130.000     0.5462     58.763   2.708414   2.937591      8.011        0.0
   2130.250     0.5462     58.772   2.708390   2.940261      8.010        0.0
   2130.500     0.5462     58.769   2.708408   2.937514      8.007        0.0
   2130.750     0.5462     58.766   2.708390   2.938201      8.010        0.0
   2131.000     0.5462     58.779   2.708390   2.937209      8.009        0.0
   2131.250     0.5462     58.779   2.708414   2.937133      8.009        0.0
   2131.500     0.5462     58.785   2.708390   2.937133      8.009        0.0
   2131.750     0.5462     58.782   2.708414   2.937209      8.011        0.0
   2132.000     0.5462     58.779   2.708414   2.938125      8.009        0.0
   2132.250     0.5462     58.785   2.708414   2.937972      8.010        0.0
   2132.500     0.5462     58.779   2.708390   2.937133      8.009        0.0
   2132.750     0.5464     58.772   2.708414   2.937133      8.009        0.0
   2133.000     0.5463     58.763   2.708414   2.937743      8.010        0.0
   2133.250     0.5463     58.757   2.708390   2.937133      8.011        0.0
   2133.500     0.5463     58.757   2.708414   2.937285      8.007        0.0
   2133.750     0.5463     58.751   2.708414   2.936599      8.010        0.0
   2134.000     0.5464     58.754   2.708414   2.936751      8.008        0.0
   2134.250     0.5463     58.751   2.708426   2.937285      8.011        0.0
   2134.500     0.5463     58.748   2.708432   2.936751      8.007        0.0
   2134.750     0.5463     58.751   2.708390   2.936751      8.010        0.0
   2135.000     0.5464     58.751   2.708372   2.936294      8.008        0.0
   2135.250     0.5463     58.751   2.708390   2.936675      8.008        0.0
   2135.500     0.5464     58.754   2.708414   2.935760      8.009        0.0
   2135.750     0.5463     58.757   2.708414   2.936599      8.010        0.0
   2136.000     0.5464     58.760   2.708414   2.935988      8.011        0.0
   2136.250     0.5463     58.754   2.708414   2.936828      8.014        0.0
   2136.500     0.5463     58.757   2.708414   2.936217      8.010        0.0
   2136.750     0.5463     58.760   2.708414   2.936065      8.010        0.0
   2137.000     0.5464     58.757   2.708390   2.936141      8.011        0.0
   2137.250     0.5463     58.760   2.708013   2.935912      8.009        0.0
   2137.500     0.5463     58.763   2.708414   2.936141      8.009        0.0
   2137.750     0.5463     58.776   2.708414   2.936141      8.011        0.0
   2138.000     0.5464     58.769   2.708408   2.935531      8.010        0.0
   2138.250     0.5463     58.775   2.708414   2.936599      8.012        0.0
   2138.500     0.5463     58.779   2.708414   2.936599      8.008        0.0
   2138.750     0.5464     58.779   2.708432   2.935836      8.013        0.0
   2139.000     0.5464     58.775   2.708432   2.935378      8.010        0.0
   2139.250     0.5464     58.782   2.708414   2.935073      8.009        0.0
   2139.500     0.5463     58.782   2.708414   2.936980      8.008        0.0
   2139.750     0.5465     58.779   2.708414   2.935454      8.011        0.0
   2140.000     0.5463     58.779   2.708390   2.935607      8.013        0.0
   2140.250     0.5462     58.776   2.708390   2.935683      8.008        0.0
   2140.500     0.5462     58.769   2.708372   2.936294      8.008        0.0
   2140.750     0.5462     58.776   2.708390   2.936370      8.013        0.0
   2141.000     0.5460     58.776   2.708372   2.936751      8.012        0.0
   2141.250     0.5459     58.782   2.708349   2.935760      8.008        0.0
   2141.500     0.5458     58.782   2.708349   2.936522      8.009        0.0
   2141.750     0.5457     58.791   2.708366   2.936675      8.011        0.0
   2142.000     0.5457     58.797   2.708349   2.936217      8.013        0.0
   2142.250     0.5456     58.797   2.708331   2.937133      8.011        0.0
   2142.500     0.5456     58.797   2.708349   2.936980      8.012        0.0
   2142.750     0.5456     58.794   2.708372   2.937057      8.009        0.0
   2143.000     0.5456     58.788   2.708372   2.936599      8.010        0.0
   2143.250     0.5456     58.782   2.708349   2.936751      8.010        0.0
   2143.500     0.5458     58.779   2.708372   2.936828      8.010        0.0
   2143.750     0.5458     58.782   2.708372   2.936522      8.011        0.0
   2144.000     0.5458     58.772   2.708390   2.936141      8.008        0.0
   2144.250     0.5458     58.772   2.708390   2.935912      8.012        0.0
   2144.500     0.5459     58.760   2.708372   2.935531      8.009        0.0
   2144.750     0.5459     58.763   2.708372   2.937057      8.010        0.0
   2145.000     0.5459     58.751   2.708390   2.936751      8.011        0.0
   2145.250     0.5460     58.754   2.708372   2.936980      8.011        0.0
   2145.500     0.5460     58.754   2.708372   2.937057      8.007        0.0
   2145.750     0.5460     58.748   2.708390   2.937438      8.010        0.0
   2146.000     0.5460     58.745   2.708390   2.937133      8.008        0.0
   2146.250     0.5459     58.748   2.708390   2.935454      8.009        0.0
   2146.500     0.5460     58.748   2.708390   2.936294      8.006        0.0
   2146.750     0.5461     58.748   2.708390   2.936751      8.010        0.0
   2147.000     0.5462     58.745   2.708414   2.938125      8.011        0.0
   2147.250     0.5461     58.754   2.708414   2.936904      8.010        0.0
   2147.500     0.5462     58.751   2.708390   2.937133      8.011        0.0
   2147.750     0.5463     58.757   2.708414   2.937209      8.010        0.0
   2148.000     0.5463     58.763   2.708414   2.937285      8.008        0.0
   2148.250     0.5463     58.763   2.708414   2.938048      8.009        0.0
   2148.500     0.5463     58.763   2.708414   2.938582      8.013        0.0
   2148.750     0.5462     58.766   2.708390   2.937896      8.008        0.0
   2149.000     0.5464     58.769   2.708414   2.937285      8.007        0.0
   2149.250     0.5464     58.772   2.708390   2.938277      8.013        0.0
   2149.500     0.5463     58.772   2.708408   2.936599      8.010        0.0
   2149.750     0.5464     58.779   2.708414   2.936599      8.010        0.0
   2150.000     0.5464     58.779   2.708390   2.938888      8.011        0.0
   2150.250     0.5465     58.785   2.708414   2.937209      8.008        0.0
   2150.500     0.5464     58.772   2.708414   2.938125      8.008        0.0
   2150.750     0.5464     58.782   2.708432   2.937285      8.009        0.0
   2151.000     0.5465     58.782   2.708414   2.937896      8.006        0.0
   2151.250     0.5465     58.779   2.708432   2.937057      8.007        0.0
   2151.500     0.5465     58.779   2.708414   2.938125      8.007        0.0
   2151.750     0.5466     58.779   2.708432   2.937285      8.009        0.0
   2152.000     0.5465     58.782   2.708414   2.937133      8.010        0.0
   2152.250     0.5465     58.776   2.708432   2.938354      8.008        0.0
   2152.500     0.5465     58.782   2.708456   2.937133      8.012        0.0
   2152.750     0.5465     58.772   2.708456   2.937743      8.009        0.0
   2153.000     0.5466     58.776   2.708432   2.938430      8.010        0.0
   2153.250     0.5466     58.772   2.708450   2.938430      8.008        0.0
   2153.500     0.5466     58.776   2.708432   2.938277      8.009        0.0
