assets/demos/compare_filters/SBE19plus_01908106_2023_06_14_0008_raw_boxcar.cnv
* Sea-Bird SBE19plus  Data File:
* FileName = C:\CTD\202301_162_L2\SBE19plus_01908106_2023_06_14_0008.hex
* Software version 2.8.0.119
* Temperature SN = 8106
* Conductivity SN = 8106
* System UpLoad Time = Jun 14 2023 18:20:02
* <ApplicationData>
* <Seaterm232>
# nquan = 7
# nvalues = 10967                       
# units = specified
# name 1 = timeS: Time, Elapsed [seconds]
# name 2 = tv290C: Temperature [ITS-90, deg C]
# name 3 = prdM: Pressure, Strain Gauge [db]
# name 4 = c0S/m: Conductivity [S/m]
# name 5 = sbeox0V: Oxygen raw, SBE 43 [V]
# name 6 = ph: pH
# name 7 = flag:  0.000e+00
# span 0 =      0.000,   2741.500       
# span 1 =     0.5322,     8.4614       
# span 2 =     -0.180,     59.346       
# span 3 =   0.000127,   3.081936       
# span 4 =     1.9284,     3.4923       
# span 5 =      7.239,      8.328       
# span 6 = 0.0000e+00, 0.0000e+00       
# interval = seconds: 0.25
# start_time = Jun 14 2023 15:22:07 [Instrument's time stamp, header]
# bad_flag = -9.990e-29
*END*
[from data line 616]
    154.000     5.1644      0.726   3.060076     3.4427      8.293 0.0000e+00
    154.250     5.1630      0.656   3.059965     3.4434      8.293 0.0000e+00
    154.500     5.1620      0.623   3.059857     3.4427      8.293 0.0000e+00
    154.750     5.1612      0.574   3.059822     3.4429      8.293 0.0000e+00
    155.000     5.1603      0.547   3.059744     3.4428      8.293 0.0000e+00
    155.250     5.1589      0.553   3.059613     3.4415      8.293 0.0000e+00
    155.500     5.1578      0.526   3.059630     3.4408      8.292 0.0000e+00
    155.750     5.1567      0.532   3.059696     3.4404      8.292 0.0000e+00
    156.000     5.1563      0.538   3.059755     3.4403      8.292 0.0000e+00
    156.250     5.1569      0.541   3.059804     3.4394      8.293 0.0000e+00
    156.500     5.1580      0.562   3.059621     3.4404      8.292 0.0000e+00
    156.750     5.1587      0.599   3.059358     3.4405      8.293 0.0000e+00
    157.000     5.1583      0.629   3.059049     3.4402      8.294 0.0000e+00
    157.250     5.1559      0.644   3.058684     3.4395      8.294 0.0000e+00
    157.500     5.1515      0.669   3.058397     3.4405      8.293 0.0000e+00
    157.750     5.1463      0.675   3.058316     3.4401      8.294 0.0000e+00
    158.000     5.1416      0.653   3.058446     3.4398      8.293 0.0000e+00
    158.250     5.1398      0.638   3.058820     3.4396      8.293 0.0000e+00
    158.500     5.1416      0.596   3.059409     3.4405      8.293 0.0000e+00
    158.750     5.1464      0.565   3.060083     3.4406      8.293 0.0000e+00
    159.000     5.1534      0.507   3.060609     3.4413      8.293 0.0000e+00
    159.250     5.1613      0.459   3.060942     3.4429      8.294 0.0000e+00
    159.500     5.1680      0.404   3.061065     3.4433      8.293 0.0000e+00
    159.750     5.1719      0.355   3.060874     3.4429      8.293 0.0000e+00
    160.000     5.1735      0.337   3.060359     3.4437      8.293 0.0000e+00
    160.250     5.1721      0.343   3.059650     3.4428      8.293 0.0000e+00
    160.500     5.1669      0.331   3.058970     3.4437      8.293 0.0000e+00
    160.750     5.1591      0.331   3.058443     3.4421      8.293 0.0000e+00
    161.000     5.1510      0.349   3.058199     3.4415      8.292 0.0000e+00
    161.250     5.1436      0.401   3.057942     3.4419      8.292 0.0000e+00
    161.500     5.1386      0.435   3.057785     3.4409      8.292 0.0000e+00
    161.750     5.1370      0.468   3.057954     3.4403      8.292 0.0000e+00
    162.000     5.1377      0.474   3.058410     3.4408      8.292 0.0000e+00
    162.250     5.1396      0.480   3.058820     3.4406      8.292 0.0000e+00
    162.500     5.1429      0.477   3.059289     3.4411      8.293 0.0000e+00
    162.750     5.1465      0.462   3.059673     3.4409      8.293 0.0000e+00
    163.000     5.1505      0.419   3.060106     3.4418      8.293 0.0000e+00
    163.250     5.1559      0.346   3.060614     3.4418      8.294 0.0000e+00
    163.500     5.1622      0.301   3.061073     3.4439      8.293 0.0000e+00
    163.750     5.1679      0.261   3.061275     3.4436      8.293 0.0000e+00
    164.000     5.1725      0.234   3.061476     3.4439      8.292 0.0000e+00
    164.250     5.1759      0.225   3.061528     3.4442      8.292 0.0000e+00
    164.500     5.1778      0.249   3.061398     3.4441      8.292 0.0000e+00
    164.750     5.1783      0.264   3.061239     3.4438      8.292 0.0000e+00
    165.000     5.1775      0.301   3.061096     3.4427      8.292 0.0000e+00
    165.250     5.1758      0.322   3.060998     3.4414      8.292 0.0000e+00
    165.500     5.1738      0.343   3.060956     3.4416      8.292 0.0000e+00
    165.750     5.1722      0.362   3.060986     3.4401      8.292 0.0000e+00
    166.000     5.1712      0.346   3.061093     3.4405      8.293 0.0000e+00
    166.250     5.1715      0.328   3.061253     3.4398      8.293 0.0000e+00
    166.500     5.1731      0.307   3.061392     3.4401      8.293 0.0000e+00
    166.750     5.1752      0.276   3.061493     3.4399      8.293 0.0000e+00
    167.000     5.1770      0.286   3.061574     3.4397      8.293 0.0000e+00
    167.250     5.1783      0.277   3.061642     3.4385      8.292 0.0000e+00
    167.500     5.1790      0.280   3.061642     3.4402      8.293 0.0000e+00
    167.750     5.1790      0.267   3.061612     3.4411      8.293 0.0000e+00
    168.000     5.1788      0.261   3.061625     3.4403      8.292 0.0000e+00
    168.250     5.1789      0.258   3.061694     3.4412      8.292 0.0000e+00
    168.500     5.1793      0.277   3.061805     3.4406      8.292 0.0000e+00
    168.750     5.1800      0.280   3.061910     3.4405      8.292 0.0000e+00
    169.000     5.1808      0.292   3.061949     3.4406      8.292 0.0000e+00
    169.250     5.1820      0.286   3.061959     3.4386      8.293 0.0000e+00
    169.500     5.1829      0.298   3.061985     3.4402      8.293 0.0000e+00
    169.750     5.1834      0.346   3.061995     3.4404      8.293 0.0000e+00
    170.000     5.1836      0.340   3.061900     3.4392      8.293 0.0000e+00
    170.250     5.1835      0.377   3.061767     3.4399      8.293 0.0000e+00
    170.500     5.1825      0.346   3.061613     3.4392      8.293 0.0000e+00
    170.750     5.1812      0.334   3.061454     3.4388      8.293 0.0000e+00
    171.000     5.1800      0.328   3.061304     3.4396      8.294 0.0000e+00
    171.250     5.1784      0.331   3.061024     3.4388      8.293 0.0000e+00
    171.500     5.1762      0.316   3.060767     3.4368      8.292 0.0000e+00
    171.750     5.1737      0.301   3.060663     3.4378      8.292 0.0000e+00
    172.000     5.1711      0.276   3.060598     3.4371      8.292 0.0000e+00
    172.250     5.1689      0.240   3.060522     3.4376      8.293 0.0000e+00
    172.500     5.1675      0.207   3.060444     3.4388      8.293 0.0000e+00
    172.750     5.1668      0.182   3.060321     3.4387      8.294 0.0000e+00
    173.000     5.1667      0.179   3.060275     3.4383      8.293 0.0000e+00
    173.250     5.1665      0.194   3.060203     3.4369      8.293 0.0000e+00
    173.500     5.1656      0.194   3.060076     3.4385      8.292 0.0000e+00
    173.750     5.1639      0.204   3.059929     3.4368      8.292 0.0000e+00
    174.000     5.1619      0.213   3.059803     3.4378      8.292 0.0000e+00
    174.250     5.1602      0.222   3.059750     3.4375      8.293 0.0000e+00
    174.500     5.1592      0.213   3.059747     3.4366      8.293 0.0000e+00
    174.750     5.1589      0.204   3.059812     3.4369      8.293 0.0000e+00
    175.000     5.1590      0.222   3.059761     3.4365      8.293 0.0000e+00
    175.250     5.1594      0.228   3.059581     3.4375      8.293 0.0000e+00
    175.500     5.1593      0.225   3.059308     3.4364      8.293 0.0000e+00
    175.750     5.1579      0.228   3.059041     3.4373      8.293 0.0000e+00
    176.000     5.1552      0.194   3.058792     3.4364      8.293 0.0000e+00
    176.250     5.1517      0.179   3.058612     3.4379      8.293 0.0000e+00
    176.500     5.1479      0.158   3.058362     3.4361      8.292 0.0000e+00
    176.750     5.1448      0.158   3.058206     3.4359      8.292 0.0000e+00
    177.000     5.1430      0.179   3.058170     3.4360      8.292 0.0000e+00
    177.250     5.1422      0.194   3.058235     3.4361      8.292 0.0000e+00
    177.500     5.1421      0.197   3.058297     3.4369      8.293 0.0000e+00
    177.750     5.1422      0.210   3.058349     3.4359      8.293 0.0000e+00
    178.000     5.1422      0.185   3.058397     3.4376      8.294 0.0000e+00
    178.250     5.1424      0.176   3.058495     3.4376      8.294 0.0000e+00
    178.500     5.1430      0.158   3.058605     3.4372      8.294 0.0000e+00
    178.750     5.1442      0.158   3.058723     3.4393      8.294 0.0000e+00
    179.000     5.1456      0.128   3.058830     3.4388      8.294 0.0000e+00
    179.250     5.1470      0.128   3.058944     3.4384      8.293 0.0000e+00
    179.500     5.1483      0.188   3.059064     3.4392      8.293 0.0000e+00
    179.750     5.1495      0.198   3.059159     3.4396      8.293 0.0000e+00
    180.000     5.1505      0.222   3.059223     3.4387      8.293 0.0000e+00
    180.250     5.1516      0.191   3.059311     3.4394      8.293 0.0000e+00
    180.500     5.1527      0.191   3.059396     3.4405      8.293 0.0000e+00
    180.750     5.1537      0.182   3.059474     3.4391      8.293 0.0000e+00
    181.000     5.1547      0.155   3.059556     3.4398      8.293 0.0000e+00
    181.250     5.1555      0.167   3.059621     3.4393      8.293 0.0000e+00
    181.500     5.1562      0.176   3.059659     3.4401      8.293 0.0000e+00
    181.750     5.1569      0.179   3.059709     3.4380      8.293 0.0000e+00
    182.000     5.1576      0.173   3.059744     3.4405      8.293 0.0000e+00
    182.250     5.1582      0.155   3.059747     3.4392      8.293 0.0000e+00
    182.500     5.1587      0.134   3.059695     3.4379      8.293 0.0000e+00
    182.750     5.1589      0.146   3.059650     3.4382      8.293 0.0000e+00
    183.000     5.1587      0.155   3.059582     3.4383      8.292 0.0000e+00
    183.250     5.1582      0.164   3.059543     3.4376      8.292 0.0000e+00
    183.500     5.1575      0.170   3.059530     3.4369      8.292 0.0000e+00
    183.750     5.1569      0.179   3.059527     3.4378      8.292 0.0000e+00
    184.000     5.1566      0.195   3.059553     3.4375      8.292 0.0000e+00
    184.250     5.1567      0.201   3.059643     3.4385      8.293 0.0000e+00
    184.500     5.1571      0.191   3.059708     3.4381      8.293 0.0000e+00
    184.750     5.1579      0.188   3.059772     3.4382      8.293 0.0000e+00
    185.000     5.1586      0.204   3.059808     3.4384      8.293 0.0000e+00
    185.250     5.1593      0.216   3.059818     3.4389      8.293 0.0000e+00
    185.500     5.1597      0.234   3.059798     3.4386      8.292 0.0000e+00
    185.750     5.1599      0.271   3.059760     3.4381      8.292 0.0000e+00
    186.000     5.1597      0.295   3.059711     3.4388      8.293 0.0000e+00
    186.250     5.1592      0.310   3.059644     3.4385      8.293 0.0000e+00
    186.500     5.1585      0.328   3.059583     3.4381      8.293 0.0000e+00
    186.750     5.1578      0.328   3.059530     3.4385      8.293 0.0000e+00
    187.000     5.1570      0.319   3.059478     3.4378      8.292 0.0000e+00
    187.250     5.1563      0.310   3.059452     3.4372      8.292 0.0000e+00
    187.500     5.1558      0.331   3.059429     3.4382      8.293 0.0000e+00
    187.750     5.1555      0.340   3.059393     3.4375      8.293 0.0000e+00
    188.000     5.1553      0.356   3.059372     3.4374      8.293 0.0000e+00
    188.250     5.1552      0.371   3.059350     3.4374      8.293 0.0000e+00
    188.500     5.1550      0.398   3.059256     3.4385      8.293 0.0000e+00
    188.750     5.1547      0.429   3.059110     3.4374      8.293 0.0000e+00
    189.000     5.1538      0.462   3.058960     3.4374      8.292 0.0000e+00
    189.250     5.1524      0.496   3.058700     3.4381      8.292 0.0000e+00
    189.500     5.1507      0.523   3.058326     3.4378      8.292 0.0000e+00
    189.750     5.1481      0.550   3.057909     3.4381      8.292 0.0000e+00
    190.000     5.1442      0.569   3.057531     3.4381      8.292 0.0000e+00
    190.250     5.1395      0.572   3.057298     3.4381      8.292 0.0000e+00
    190.500     5.1350      0.584   3.057151     3.4388      8.292 0.0000e+00
    190.750     5.1310      0.602   3.056955     3.4386      8.293 0.0000e+00
    191.000     5.1284      0.614   3.056854     3.4373      8.293 0.0000e+00
    191.250     5.1274      0.645   3.056799     3.4388      8.294 0.0000e+00
    191.500     5.1274      0.690   3.056780     3.4392      8.295 0.0000e+00
    191.750     5.1274      0.748   3.056725     3.4385      8.294 0.0000e+00
    192.000     5.1266      0.791   3.056595     3.4381      8.294 0.0000e+00
    192.250     5.1251      0.870   3.056380     3.4391      8.294 0.0000e+00
    192.500     5.1233      0.918   3.056025     3.4387      8.294 0.0000e+00
    192.750     5.1213      0.982   3.055756     3.4382      8.294 0.0000e+00
    193.000     5.1186      1.000   3.055636     3.4381      8.294 0.0000e+00
    193.250     5.1156      1.046   3.055645     3.4401      8.294 0.0000e+00
    193.500     5.1131      1.088   3.055755     3.4402      8.294 0.0000e+00
    193.750     5.1117      1.104   3.055752     3.4394      8.294 0.0000e+00
    194.000     5.1119      1.122   3.055613     3.4401      8.293 0.0000e+00
    194.250     5.1137      1.143   3.055619     3.4394      8.293 0.0000e+00
    194.500     5.1151      1.158   3.055661     3.4410      8.293 0.0000e+00
    194.750     5.1152      1.195   3.055693     3.4399      8.292 0.0000e+00
    195.000     5.1140      1.222   3.055710     3.4408      8.293 0.0000e+00
    195.250     5.1122      1.271   3.055698     3.4408      8.293 0.0000e+00
    195.500     5.1110      1.350   3.055844     3.4395      8.293 0.0000e+00
    195.750     5.1121      1.420   3.055896     3.4399      8.293 0.0000e+00
    196.000     5.1151      1.478   3.055421     3.4401      8.293 0.0000e+00
    196.250     5.1177      1.520   3.054405     3.4406      8.293 0.0000e+00
    196.500     5.1154      1.575   3.053827     3.4401      8.292 0.0000e+00
    196.750     5.1064      1.605   3.053642     3.4399      8.293 0.0000e+00
    197.000     5.0949      1.654   3.053359     3.4394      8.293 0.0000e+00
    197.250     5.0860      1.672   3.053180     3.4381      8.292 0.0000e+00
    197.500     5.0803      1.678   3.053339     3.4369      8.293 0.0000e+00
    197.750     5.0811      1.690   3.054204     3.4385      8.293 0.0000e+00
    198.000     5.0894      1.706   3.055601     3.4386      8.294 0.0000e+00
    198.250     5.1009      1.684   3.056550     3.4386      8.293 0.0000e+00
    198.500     5.1106      1.672   3.057067     3.4398      8.294 0.0000e+00
    198.750     5.1191      1.709   3.057625     3.4401      8.293 0.0000e+00
    199.000     5.1268      1.736   3.058006     3.4411      8.293 0.0000e+00
    199.250     5.1334      1.751   3.058394     3.4419      8.292 0.0000e+00
    199.500     5.1385      1.742   3.058670     3.4432      8.293 0.0000e+00
    199.750     5.1425      1.703   3.058898     3.4432      8.292 0.0000e+00
    200.000     5.1457      1.669   3.059067     3.4426      8.293 0.0000e+00
    200.250     5.1482      1.721   3.059129     3.4437      8.292 0.0000e+00
    200.500     5.1503      1.703   3.059158     3.4420      8.293 0.0000e+00
    200.750     5.1520      1.724   3.059168     3.4437      8.293 0.0000e+00
    201.000     5.1530      1.700   3.059051     3.4434      8.293 0.0000e+00
    201.250     5.1530      1.675   3.058804     3.4436      8.293 0.0000e+00
    201.500     5.1518      1.621   3.058478     3.4439      8.293 0.0000e+00
    201.750     5.1492      1.566   3.057988     3.4439      8.293 0.0000e+00
    202.000     5.1457      1.523   3.057435     3.4437      8.293 0.0000e+00
    202.250     5.1408      1.490   3.056837     3.4417      8.293 0.0000e+00
    202.500     5.1347      1.472   3.056077     3.4421      8.293 0.0000e+00
    202.750     5.1279      1.456   3.055339     3.4410      8.293 0.0000e+00
    203.000     5.1200      1.459   3.054873     3.4416      8.293 0.0000e+00
    203.250     5.1115      1.453   3.054525     3.4404      8.293 0.0000e+00
    203.500     5.1047      1.466   3.054216     3.4406      8.293 0.0000e+00
    203.750     5.1002      1.481   3.053991     3.4395      8.293 0.0000e+00
    204.000     5.0970      1.508   3.053920     3.4399      8.293 0.0000e+00
    204.250     5.0954      1.551   3.054092     3.4392      8.293 0.0000e+00
    204.500     5.0957      1.590   3.054270     3.4392      8.293 0.0000e+00
    204.750     5.0964      1.630   3.054426     3.4385      8.293 0.0000e+00
