assets/demos/compare_filters/SBE19plus_01908106_2023_06_14_0008_raw_median.cnv
* Sea-Bird SBE19plus  Data File:
* FileName = C:\CTD\202301_162_L2\SBE19plus_01908106_2023_06_14_0008.hex
* Software version 2.8.0.119
* Temperature SN = 8106
* Conductivity SN = 8106
* System UpLoad Time = Jun 14 2023 18:20:02
* <ApplicationData>
* <Seaterm232>
# nquan = 7
# nvalues = 10967                       
# units = specified
# name 1 = timeS: Time, Elapsed [seconds]
# name 2 = tv290C: Temperature [ITS-90, deg C]
# name 3 = prdM: Pressure, Strain Gauge [db]
# name 4 = c0S/m: Conductivity [S/m]
# name 5 = sbeox0V: Oxygen raw, SBE 43 [V]
# name 6 = ph: pH
# name 7 = flag:  0.000e+00
# span 0 =      0.000,   2741.500       
# span 1 =     0.5322,     8.4612       
# span 2 =     -0.180,     59.346       
# span 3 =   0.000127,   3.081833       
# span 4 =     1.9284,     3.4923       
# span 5 =      7.246,      8.328       
# span 6 = 0.0000e+00, 0.0000e+00       
# interval = seconds: 0.25
# start_time = Jun 14 2023 15:22:07 [Instrument's time stamp, header]
# bad_flag = -9.990e-29
*END*
[from data line 8001]
   2000.250     0.5542     58.769   2.709127     2.9366      8.010 0.0000e+00
   2000.500     0.5542     58.769   2.709127     2.9370      8.010 0.0000e+00
   2000.750     0.5542     58.769   2.709127     2.9363      8.010 0.0000e+00
   2001.000     0.5542     58.766   2.709127     2.9371      8.010 0.0000e+00
   2001.250     0.5542     58.766   2.709127     2.9361      8.010 0.0000e+00
   2001.500     0.5542     58.766   2.709127     2.9363      8.010 0.0000e+00
   2001.750     0.5542     58.769   2.709127     2.9361      8.010 0.0000e+00
   2002.000     0.5543     58.763   2.709127     2.9368      8.010 0.0000e+00
   2002.250     0.5543     58.769   2.709127     2.9364      8.010 0.0000e+00
   2002.500     0.5543     58.772   2.709151     2.9368      8.011 0.0000e+00
   2002.750     0.5543     58.778   2.709151     2.9355      8.011 0.0000e+00
   2003.000     0.5545     58.787   2.709151     2.9368      8.008 0.0000e+00
   2003.250     0.5546     58.793   2.709187     2.9366      8.008 0.0000e+00
   2003.500     0.5547     58.799   2.709193     2.9361      8.008 0.0000e+00
   2003.750     0.5549     58.803   2.709193     2.9348      8.007 0.0000e+00
   2004.000     0.5550     58.803   2.709193     2.9356      8.007 0.0000e+00
   2004.250     0.5550     58.806   2.709193     2.9357      8.007 0.0000e+00
   2004.500     0.5550     58.799   2.709193     2.9346      8.008 0.0000e+00
   2004.750     0.5551     58.796   2.709193     2.9357      8.008 0.0000e+00
   2005.000     0.5552     58.793   2.709193     2.9353      8.008 0.0000e+00
   2005.250     0.5552     58.790   2.709193     2.9366      8.011 0.0000e+00
   2005.500     0.5552     58.790   2.709187     2.9360      8.008 0.0000e+00
   2005.750     0.5551     58.784   2.709169     2.9350      8.010 0.0000e+00
   2006.000     0.5551     58.778   2.709127     2.9356      8.008 0.0000e+00
   2006.250     0.5548     58.781   2.709127     2.9364      8.008 0.0000e+00
   2006.500     0.5545     58.781   2.709109     2.9360      8.008 0.0000e+00
   2006.750     0.5545     58.784   2.709109     2.9355      8.010 0.0000e+00
   2007.000     0.5544     58.787   2.709109     2.9366      8.010 0.0000e+00
   2007.250     0.5544     58.787   2.709127     2.9364      8.010 0.0000e+00
   2007.500     0.5544     58.800   2.709169     2.9368      8.010 0.0000e+00
   2007.750     0.5546     58.806   2.709193     2.9360      8.010 0.0000e+00
   2008.000     0.5548     58.818   2.709265     2.9371      8.008 0.0000e+00
   2008.250     0.5552     58.824   2.709295     2.9370      8.007 0.0000e+00
   2008.500     0.5558     58.824   2.709295     2.9368      8.007 0.0000e+00
   2008.750     0.5560     58.830   2.709295     2.9377      8.007 0.0000e+00
   2009.000     0.5562     58.830   2.709319     2.9363      8.007 0.0000e+00
   2009.250     0.5563     58.827   2.709319     2.9367      8.007 0.0000e+00
   2009.500     0.5564     58.827   2.709319     2.9366      8.008 0.0000e+00
   2009.750     0.5568     58.821   2.709319     2.9361      8.007 0.0000e+00
   2010.000     0.5568     58.821   2.709319     2.9361      8.010 0.0000e+00
   2010.250     0.5568     58.821   2.709319     2.9371      8.010 0.0000e+00
   2010.500     0.5568     58.809   2.709319     2.9376      8.009 0.0000e+00
   2010.750     0.5568     58.806   2.709277     2.9370      8.009 0.0000e+00
   2011.000     0.5566     58.803   2.709235     2.9360      8.010 0.0000e+00
   2011.250     0.5562     58.796   2.709169     2.9365      8.010 0.0000e+00
   2011.500     0.5558     58.796   2.709169     2.9358      8.010 0.0000e+00
   2011.750     0.5554     58.787   2.709169     2.9356      8.010 0.0000e+00
   2012.000     0.5551     58.796   2.709151     2.9373      8.010 0.0000e+00
   2012.250     0.5548     58.796   2.709109     2.9362      8.009 0.0000e+00
   2012.500     0.5546     58.790   2.709085     2.9371      8.009 0.0000e+00
   2012.750     0.5541     58.790   2.709085     2.9371      8.010 0.0000e+00
   2013.000     0.5540     58.793   2.709085     2.9372      8.010 0.0000e+00
   2013.250     0.5539     58.790   2.709044     2.9368      8.010 0.0000e+00
   2013.500     0.5537     58.793   2.709044     2.9370      8.010 0.0000e+00
   2013.750     0.5537     58.803   2.709044     2.9377      8.010 0.0000e+00
   2014.000     0.5535     58.803   2.709043     2.9371      8.010 0.0000e+00
   2014.250     0.5533     58.809   2.709043     2.9376      8.010 0.0000e+00
   2014.500     0.5533     58.809   2.709002     2.9376      8.010 0.0000e+00
   2014.750     0.5532     58.812   2.709002     2.9365      8.009 0.0000e+00
   2015.000     0.5529     58.818   2.709002     2.9380      8.009 0.0000e+00
   2015.250     0.5529     58.824   2.709002     2.9370      8.009 0.0000e+00
   2015.500     0.5529     58.818   2.709002     2.9362      8.009 0.0000e+00
   2015.750     0.5528     58.824   2.709002     2.9366      8.009 0.0000e+00
   2016.000     0.5528     58.818   2.709002     2.9368      8.009 0.0000e+00
   2016.250     0.5528     58.818   2.709002     2.9380      8.009 0.0000e+00
   2016.500     0.5527     58.818   2.709002     2.9369      8.008 0.0000e+00
   2016.750     0.5527     58.812   2.708984     2.9367      8.008 0.0000e+00
   2017.000     0.5528     58.806   2.708984     2.9361      8.009 0.0000e+00
   2017.250     0.5527     58.800   2.708984     2.9373      8.008 0.0000e+00
   2017.500     0.5528     58.800   2.708984     2.9370      8.008 0.0000e+00
   2017.750     0.5528     58.793   2.708984     2.9366      8.007 0.0000e+00
   2018.000     0.5527     58.784   2.708966     2.9367      8.007 0.0000e+00
   2018.250     0.5527     58.793   2.708966     2.9370      8.007 0.0000e+00
   2018.500     0.5527     58.793   2.708984     2.9363      8.008 0.0000e+00
   2018.750     0.5526     58.790   2.708984     2.9374      8.010 0.0000e+00
   2019.000     0.5526     58.787   2.708960     2.9367      8.010 0.0000e+00
   2019.250     0.5526     58.787   2.708960     2.9367      8.011 0.0000e+00
   2019.500     0.5526     58.790   2.708984     2.9366      8.011 0.0000e+00
   2019.750     0.5525     58.790   2.708984     2.9371      8.011 0.0000e+00
   2020.000     0.5525     58.793   2.708984     2.9367      8.009 0.0000e+00
   2020.250     0.5525     58.793   2.708984     2.9360      8.009 0.0000e+00
   2020.500     0.5525     58.796   2.708984     2.9364      8.009 0.0000e+00
   2020.750     0.5525     58.793   2.708984     2.9347      8.008 0.0000e+00
   2021.000     0.5525     58.787   2.708984     2.9350      8.008 0.0000e+00
   2021.250     0.5526     58.784   2.708984     2.9361      8.008 0.0000e+00
   2021.500     0.5526     58.778   2.708984     2.9363      8.009 0.0000e+00
   2021.750     0.5526     58.784   2.708960     2.9363      8.009 0.0000e+00
   2022.000     0.5526     58.781   2.708960     2.9363      8.009 0.0000e+00
   2022.250     0.5526     58.778   2.708960     2.9361      8.009 0.0000e+00
   2022.500     0.5526     58.778   2.708960     2.9355      8.009 0.0000e+00
   2022.750     0.5526     58.787   2.708966     2.9366      8.009 0.0000e+00
   2023.000     0.5526     58.793   2.708984     2.9359      8.009 0.0000e+00
   2023.250     0.5526     58.793   2.708984     2.9355      8.009 0.0000e+00
   2023.500     0.5526     58.796   2.708984     2.9361      8.009 0.0000e+00
   2023.750     0.5526     58.803   2.708984     2.9373      8.009 0.0000e+00
   2024.000     0.5527     58.806   2.708984     2.9352      8.009 0.0000e+00
   2024.250     0.5527     58.809   2.708984     2.9355      8.009 0.0000e+00
   2024.500     0.5527     58.809   2.708984     2.9355      8.010 0.0000e+00
   2024.750     0.5527     58.809   2.708984     2.9353      8.010 0.0000e+00
   2025.000     0.5527     58.806   2.708984     2.9366      8.009 0.0000e+00
   2025.250     0.5527     58.812   2.708984     2.9354      8.010 0.0000e+00
   2025.500     0.5528     58.800   2.708984     2.9349      8.009 0.0000e+00
   2025.750     0.5528     58.797   2.708984     2.9349      8.009 0.0000e+00
   2026.000     0.5528     58.793   2.708984     2.9343      8.009 0.0000e+00
   2026.250     0.5528     58.790   2.708984     2.9356      8.009 0.0000e+00
   2026.500     0.5528     58.787   2.708984     2.9346      8.009 0.0000e+00
   2026.750     0.5528     58.784   2.709002     2.9354      8.008 0.0000e+00
   2027.000     0.5528     58.793   2.709002     2.9348      8.008 0.0000e+00
   2027.250     0.5529     58.793   2.709026     2.9352      8.008 0.0000e+00
   2027.500     0.5529     58.793   2.709026     2.9351      8.008 0.0000e+00
   2027.750     0.5529     58.797   2.709026     2.9345      8.008 0.0000e+00
   2028.000     0.5530     58.796   2.709026     2.9358      8.008 0.0000e+00
   2028.250     0.5531     58.800   2.709026     2.9349      8.008 0.0000e+00
   2028.500     0.5531     58.809   2.709026     2.9343      8.009 0.0000e+00
   2028.750     0.5532     58.815   2.709044     2.9355      8.009 0.0000e+00
   2029.000     0.5532     58.815   2.709044     2.9358      8.009 0.0000e+00
   2029.250     0.5533     58.815   2.709044     2.9350      8.009 0.0000e+00
   2029.500     0.5533     58.821   2.709044     2.9346      8.009 0.0000e+00
   2029.750     0.5533     58.818   2.709067     2.9366      8.009 0.0000e+00
   2030.000     0.5534     58.821   2.709067     2.9353      8.008 0.0000e+00
   2030.250     0.5535     58.821   2.709067     2.9365      8.008 0.0000e+00
   2030.500     0.5535     58.818   2.709085     2.9359      8.008 0.0000e+00
   2030.750     0.5535     58.821   2.709085     2.9359      8.008 0.0000e+00
   2031.000     0.5537     58.821   2.709085     2.9358      8.008 0.0000e+00
   2031.250     0.5537     58.812   2.709085     2.9352      8.008 0.0000e+00
   2031.500     0.5537     58.818   2.709067     2.9355      8.008 0.0000e+00
   2031.750     0.5537     58.821   2.709067     2.9348      8.009 0.0000e+00
   2032.000     0.5537     58.812   2.709067     2.9342      8.009 0.0000e+00
   2032.250     0.5537     58.815   2.709067     2.9353      8.009 0.0000e+00
   2032.500     0.5536     58.806   2.709067     2.9345      8.010 0.0000e+00
   2032.750     0.5537     58.793   2.709067     2.9348      8.010 0.0000e+00
   2033.000     0.5537     58.803   2.709067     2.9348      8.010 0.0000e+00
   2033.250     0.5537     58.797   2.709085     2.9351      8.009 0.0000e+00
   2033.500     0.5537     58.787   2.709085     2.9342      8.009 0.0000e+00
   2033.750     0.5537     58.784   2.709085     2.9358      8.008 0.0000e+00
   2034.000     0.5538     58.790   2.709085     2.9361      8.009 0.0000e+00
   2034.250     0.5539     58.787   2.709085     2.9347      8.009 0.0000e+00
   2034.500     0.5539     58.787   2.709085     2.9351      8.009 0.0000e+00
   2034.750     0.5539     58.784   2.709085     2.9355      8.009 0.0000e+00
   2035.000     0.5539     58.787   2.709067     2.9364      8.010 0.0000e+00
   2035.250     0.5538     58.787   2.709067     2.9362      8.009 0.0000e+00
   2035.500     0.5538     58.787   2.709067     2.9351      8.010 0.0000e+00
   2035.750     0.5536     58.781   2.709067     2.9346      8.009 0.0000e+00
   2036.000     0.5536     58.781   2.709067     2.9346      8.008 0.0000e+00
   2036.250     0.5536     58.781   2.709043     2.9356      8.008 0.0000e+00
   2036.500     0.5536     58.784   2.709043     2.9351      8.008 0.0000e+00
   2036.750     0.5536     58.784   2.709043     2.9346      8.008 0.0000e+00
   2037.000     0.5535     58.781   2.709043     2.9342      8.008 0.0000e+00
   2037.250     0.5535     58.787   2.709026     2.9342      8.008 0.0000e+00
   2037.500     0.5533     58.790   2.709026     2.9355      8.008 0.0000e+00
   2037.750     0.5532     58.800   2.709026     2.9345      8.008 0.0000e+00
   2038.000     0.5531     58.803   2.708984     2.9346      8.008 0.0000e+00
   2038.250     0.5530     58.809   2.708984     2.9351      8.008 0.0000e+00
   2038.500     0.5529     58.812   2.708984     2.9359      8.008 0.0000e+00
   2038.750     0.5529     58.821   2.708984     2.9351      8.010 0.0000e+00
   2039.000     0.5528     58.830   2.708960     2.9358      8.010 0.0000e+00
   2039.250     0.5527     58.833   2.708960     2.9357      8.010 0.0000e+00
   2039.500     0.5526     58.830   2.708960     2.9353      8.010 0.0000e+00
   2039.750     0.5526     58.833   2.708960     2.9355      8.009 0.0000e+00
   2040.000     0.5525     58.821   2.708960     2.9361      8.009 0.0000e+00
   2040.250     0.5525     58.824   2.708960     2.9368      8.010 0.0000e+00
   2040.500     0.5525     58.815   2.708960     2.9378      8.009 0.0000e+00
   2040.750     0.5525     58.815   2.708960     2.9366      8.009 0.0000e+00
   2041.000     0.5525     58.809   2.708960     2.9380      8.010 0.0000e+00
   2041.250     0.5525     58.806   2.708960     2.9373      8.010 0.0000e+00
   2041.500     0.5524     58.797   2.708960     2.9370      8.009 0.0000e+00
   2041.750     0.5524     58.794   2.708942     2.9374      8.009 0.0000e+00
   2042.000     0.5524     58.794   2.708942     2.9363      8.009 0.0000e+00
   2042.250     0.5523     58.794   2.708918     2.9374      8.009 0.0000e+00
   2042.500     0.5523     58.787   2.708918     2.9371      8.008 0.0000e+00
   2042.750     0.5522     58.787   2.708918     2.9362      8.009 0.0000e+00
   2043.000     0.5521     58.787   2.708918     2.9372      8.009 0.0000e+00
   2043.250     0.5520     58.784   2.708918     2.9363      8.010 0.0000e+00
   2043.500     0.5520     58.790   2.708918     2.9368      8.010 0.0000e+00
   2043.750     0.5519     58.797   2.708906     2.9380      8.010 0.0000e+00
   2044.000     0.5519     58.794   2.708906     2.9377      8.010 0.0000e+00
   2044.250     0.5519     58.797   2.708918     2.9368      8.009 0.0000e+00
   2044.500     0.5519     58.797   2.708918     2.9370      8.009 0.0000e+00
   2044.750     0.5519     58.806   2.708900     2.9387      8.009 0.0000e+00
   2045.000     0.5519     58.806   2.708918     2.9384      8.009 0.0000e+00
   2045.250     0.5519     58.800   2.708918     2.9366      8.009 0.0000e+00
   2045.500     0.5519     58.790   2.708918     2.9371      8.008 0.0000e+00
   2045.750     0.5519     58.784   2.708906     2.9381      8.008 0.0000e+00
   2046.000     0.5519     58.781   2.708900     2.9371      8.008 0.0000e+00
   2046.250     0.5518     58.778   2.708900     2.9381      8.008 0.0000e+00
   2046.500     0.5518     58.772   2.708900     2.9377      8.008 0.0000e+00
   2046.750     0.5518     58.763   2.708900     2.9387      8.008 0.0000e+00
   2047.000     0.5518     58.766   2.708900     2.9383      8.008 0.0000e+00
   2047.250     0.5518     58.766   2.708900     2.9385      8.009 0.0000e+00
   2047.500     0.5518     58.763   2.708900     2.9387      8.010 0.0000e+00
   2047.750     0.5518     58.766   2.708900     2.9374      8.010 0.0000e+00
   2048.000     0.5518     58.769   2.708900     2.9380      8.010 0.0000e+00
   2048.250     0.5518     58.772   2.708900     2.9383      8.010 0.0000e+00
   2048.500     0.5518     58.778   2.708900     2.9371      8.008 0.0000e+00
   2048.750     0.5518     58.784   2.708900     2.9374      8.007 0.0000e+00
   2049.000     0.5518     58.794   2.708900     2.9371      8.007 0.0000e+00
   2049.250     0.5519     58.809   2.708900     2.9377      8.007 0.0000e+00
   2049.500     0.5519     58.809   2.708876     2.9373      8.008 0.0000e+00
   2049.750     0.5518     58.809   2.708876     2.9375      8.010 0.0000e+00
   2050.000     0.5517     58.812   2.708876     2.9374      8.010 0.0000e+00
   2050.250     0.5516     58.812   2.708876     2.9365      8.009 0.0000e+00
   2050.500     0.5514     58.812   2.708858     2.9382      8.008 0.0000e+00
   2050.750     0.5514     58.809   2.708858     2.9381      8.008 0.0000e+00
   2051.000     0.5513     58.806   2.708858     2.9376      8.008 0.0000e+00
