assets/demos/compare_filters/SBE19plus_01908106_2023_06_14_0008_raw.cnv
* Sea-Bird SBE19plus  Data File:
* FileName = C:\CTD\202301_162_L2\SBE19plus_01908106_2023_06_14_0008.hex
* Software version 2.8.0.119
* Temperature SN = 8106
* Conductivity SN = 8106
* System UpLoad Time = Jun 14 2023 18:20:02
* <ApplicationData>
* <Seaterm232>
# nquan = 7
# nvalues = 10967
# units = specified
# name 1 = timeS: Time, Elapsed [seconds]
# name 2 = tv290C: Temperature [ITS-90, deg C]
# name 3 = prdM: Pressure, Strain Gauge [db]
# name 4 = c0S/m: Conductivity [S/m]
# name 5 = sbeox0V: Oxygen raw, SBE 43 [V]
# name 6 = ph: pH
# name 7 = flag:  0.000e+00
# span 1 =          0,     2741.5
# span 2 =     0.5322,     8.4626
# span 3 =      -0.18,     59.346
# span 4 =    0.00012,   3.086023
# span 5 = 1.92835889219501, 3.49233234149691
# span 6 =      7.199,       8.33
# span 7 =          0,          0
# interval = seconds: 0.25
# start_time = Jun 14 2023 15:22:07 [Instrument's time stamp, header]
# bad_flag = -9.990e-29
*END*
[from data line 10462]
   2615.500     3.7374      0.225   2.851064   2.361257      8.317        0.0
   2615.750     3.7380      0.198   2.851461   2.370031      8.317        0.0
   2616.000     3.7387      0.216   2.851797   2.376669      8.318        0.0
   2616.250     3.7395      0.222   2.852139   2.387579      8.321        0.0
   2616.500     3.7402      0.255   2.852451   2.396811      8.318        0.0
   2616.750     3.7410      0.252   2.852823   2.405203      8.320        0.0
   2617.000     3.7417      0.277   2.853190   2.414588      8.318        0.0
   2617.250     3.7424      0.313   2.853483   2.422827      8.320        0.0
   2617.500     3.7430      0.316   2.853801   2.429847      8.319        0.0
   2617.750     3.7437      0.322   2.854204   2.435111      8.316        0.0
   2618.000     3.7444      0.322   2.854540   2.439078      8.318        0.0
   2618.250     3.7451      0.334   2.854857   2.442741      8.317        0.0
   2618.500     3.7460      0.322   2.855224   2.446021      8.322        0.0
   2618.750     3.7469      0.334   2.855572   2.447929      8.322        0.0
   2619.000     3.7479      0.343   2.856141   2.450141      8.318        0.0
   2619.250     3.7486      0.343   2.856776   2.450828      8.319        0.0
   2619.500     3.7496      0.295   2.857137   2.451057      8.318        0.0
   2619.750     3.7505      0.240   2.857430   2.451972      8.321        0.0
   2620.000     3.7513      0.167   2.857956   2.451591      8.319        0.0
   2620.250     3.7520      0.167   2.858322   2.450446      8.319        0.0
   2620.500     3.7528      0.173   2.858652   2.449989      8.315        0.0
   2620.750     3.7535      0.173   2.859013   2.448844      8.316        0.0
   2621.000     3.7545      0.219   2.859417   2.447547      8.320        0.0
   2621.250     3.7552      0.261   2.859796   2.445869      8.320        0.0
   2621.500     3.7564      0.286   2.860028   2.445182      8.318        0.0
   2621.750     3.7571      0.286   2.860493   2.444038      8.322        0.0
   2622.000     3.7581      0.304   2.860829   2.441291      8.319        0.0
   2622.250     3.7591      0.298   2.861190   2.440146      8.322        0.0
   2622.500     3.7598      0.274   2.861404   2.439765      8.319        0.0
   2622.750     3.7606      0.277   2.861783   2.438315      8.318        0.0
   2623.000     3.7614      0.286   2.862076   2.438315      8.324        0.0
   2623.250     3.7624      0.258   2.862352   2.437629      8.318        0.0
   2623.500     3.7633      0.201   2.862859   2.436179      8.320        0.0
   2623.750     3.7645      0.155   2.863220   2.436255      8.322        0.0
   2624.000     3.7654      0.167   2.863520   2.436637      8.320        0.0
   2624.250     3.7666      0.164   2.863874   2.435111      8.320        0.0
   2624.500     3.7677      0.173   2.864070   2.434653      8.318        0.0
   2624.750     3.7690      0.152   2.864768   2.434119      8.320        0.0
   2625.000     3.7703      0.115   2.865190   2.433738      8.321        0.0
   2625.250     3.7712      0.118   2.865636   2.433738      8.321        0.0
   2625.500     3.7723      0.109   2.865973   2.432517      8.317        0.0
   2625.750     3.7732      0.100   2.866352   2.433738      8.322        0.0
   2626.000     3.7742      0.103   2.866695   2.431754      8.320        0.0
   2626.250     3.7753      0.115   2.867007   2.430915      8.321        0.0
   2626.500     3.7763      0.124   2.867374   2.428855      8.320        0.0
   2626.750     3.7776      0.161   2.867711   2.429160      8.317        0.0
   2627.000     3.7790      0.201   2.867986   2.428550      8.324        0.0
   2627.250     3.7805      0.167   2.868347   2.427558      8.317        0.0
   2627.500     3.7822      0.179   2.868665   2.425574      8.319        0.0
   2627.750     3.7834      0.207   2.868984   2.425040      8.323        0.0
   2628.000     3.7848      0.228   2.869302   2.424048      8.320        0.0
   2628.250     3.7860      0.237   2.869939   2.422293      8.319        0.0
   2628.500     3.7872      0.176   2.870532   2.421607      8.316        0.0
   2628.750     3.7885      0.167   2.870894   2.420691      8.317        0.0
   2629.000     3.7895      0.146   2.871316   2.420768      8.318        0.0
   2629.250     3.7904      0.143   2.871634   2.419471      8.319        0.0
   2629.500     3.7913      0.137   2.872081   2.418631      8.318        0.0
   2629.750     3.7923      0.103   2.872418   2.418479      8.318        0.0
   2630.000     3.7933      0.121   2.872694   2.418936      8.319        0.0
   2630.250     3.7945      0.164   2.873141   2.419928      8.320        0.0
   2630.500     3.7958      0.106   2.873484   2.419394      8.315        0.0
   2630.750     3.7970      0.100   2.873906   2.419089      8.319        0.0
   2631.000     3.7982      0.100   2.874249   2.418555      8.318        0.0
   2631.250     3.7994      0.088   2.874568   2.420462      8.321        0.0
   2631.500     3.8004      0.085   2.874905   2.418250      8.319        0.0
   2631.750     3.8015      0.082   2.875223   2.417334      8.319        0.0
   2632.000     3.8028      0.091   2.875413   2.416953      8.319        0.0
   2632.250     3.8042      0.103   2.876136   2.415656      8.319        0.0
   2632.500     3.8056      0.158   2.876375   2.415656      8.319        0.0
   2632.750     3.8071      0.118   2.876755   2.414893      8.319        0.0
   2633.000     3.8086      0.118   2.877098   2.414969      8.320        0.0
   2633.250     3.8100      0.167   2.877564   2.412833      8.319        0.0
   2633.500     3.8112      0.188   2.877925   2.410544      8.323        0.0
   2633.750     3.8127      0.179   2.878311   2.411383      8.319        0.0
   2634.000     3.8143      0.149   2.878563   2.410163      8.318        0.0
   2634.250     3.8156      0.134   2.878795   2.408560      8.317        0.0
   2634.500     3.8169      0.127   2.879077   2.407645      8.321        0.0
   2634.750     3.8184      0.146   2.879562   2.406729      8.321        0.0
   2635.000     3.8199      0.188   2.879862   2.405890      8.318        0.0
   2635.250     3.8216      0.170   2.880267   2.404059      8.320        0.0
   2635.500     3.8233      0.143   2.880567   2.403143      8.318        0.0
   2635.750     3.8249      0.131   2.880861   2.402914      8.319        0.0
   2636.000     3.8265      0.137   2.881162   2.400931      8.319        0.0
   2636.250     3.8279      0.109   2.881505   2.400168      8.319        0.0
   2636.500     3.8294      0.076   2.881799   2.398642      8.322        0.0
   2636.750     3.8310      0.070   2.882185   2.397345      8.322        0.0
   2637.000     3.8327      0.070   2.882504   2.395514      8.325        0.0
   2637.250     3.8343      0.100   2.882890   2.393683      8.319        0.0
   2637.500     3.8361      0.100   2.883228   2.392157      8.319        0.0
   2637.750     3.8379      0.124   2.883590   2.392157      8.319        0.0
   2638.000     3.8398      0.143   2.883933   2.390555      8.320        0.0
   2638.250     3.8416      0.191   2.884191   2.389563      8.319        0.0
   2638.500     3.8436      0.231   2.884509   2.389258      8.320        0.0
   2638.750     3.8457      0.231   2.884810   2.388571      8.319        0.0
   2639.000     3.8476      0.194   2.885147   2.387579      8.318        0.0
   2639.250     3.8494      0.155   2.885405   2.387503      8.317        0.0
   2639.500     3.8514      0.149   2.885724   2.388266      8.319        0.0
   2639.750     3.8533      0.152   2.886000   2.388724      8.323        0.0
   2640.000     3.8551      0.173   2.886343   2.387732      8.320        0.0
   2640.250     3.8571      0.173   2.886662   2.388037      8.318        0.0
   2640.500     3.8589      0.191   2.886945   2.389410      8.318        0.0
   2640.750     3.8609      0.194   2.887239   2.389105      8.321        0.0
   2641.000     3.8630      0.158   2.887521   2.387884      8.319        0.0
   2641.250     3.8651      0.140   2.887902   2.387503      8.320        0.0
   2641.500     3.8672      0.137   2.888178   2.387579      8.318        0.0
   2641.750     3.8693      0.140   2.888479   2.387579      8.319        0.0
   2642.000     3.8715      0.124   2.888755   2.386511      8.320        0.0
   2642.250     3.8735      0.124   2.889098   2.386893      8.320        0.0
   2642.500     3.8756      0.133   2.889417   2.385367      8.317        0.0
   2642.750     3.8776      0.130   2.889761   2.384375      8.321        0.0
   2643.000     3.8797      0.149   2.890080   2.383078      8.319        0.0
   2643.250     3.8819      0.158   2.890467   2.384070      8.319        0.0
   2643.500     3.8839      0.179   2.890743   2.382467      8.319        0.0
   2643.750     3.8861      0.203   2.891068   2.382010      8.321        0.0
   2644.000     3.8882      0.206   2.891388   2.381552      8.318        0.0
   2644.250     3.8902      0.222   2.891707   2.380789      8.321        0.0
   2644.500     3.8923      0.243   2.892008   2.380102      8.321        0.0
   2644.750     3.8944      0.246   2.892309   2.381399      8.318        0.0
   2645.000     3.8963      0.228   2.892628   2.379950      8.320        0.0
   2645.250     3.8984      0.206   2.892947   2.378424      8.320        0.0
   2645.500     3.9004      0.191   2.893229   2.378653      8.320        0.0
   2645.750     3.9025      0.200   2.893567   2.377050      8.319        0.0
   2646.000     3.9045      0.219   2.893825   2.375982      8.319        0.0
   2646.250     3.9065      0.203   2.894108   2.375219      8.321        0.0
   2646.500     3.9086      0.203   2.894427   2.373083      8.320        0.0
   2646.750     3.9106      0.216   2.894771   2.372854      8.318        0.0
   2647.000     3.9127      0.212   2.895133   2.370718      8.318        0.0
   2647.250     3.9147      0.237   2.895391   2.369345      8.317        0.0
   2647.500     3.9168      0.188   2.895692   2.369039      8.322        0.0
   2647.750     3.9190      0.170   2.896054   2.367208      8.320        0.0
   2648.000     3.9210      0.170   2.896374   2.366522      8.321        0.0
   2648.250     3.9230      0.155   2.896656   2.365377      8.319        0.0
   2648.500     3.9249      0.121   2.896908   2.365759      8.319        0.0
   2648.750     3.9268      0.094   2.897234   2.364233      8.316        0.0
   2649.000     3.9289      0.097   2.897553   2.362860      8.317        0.0
   2649.250     3.9308      0.112   2.897854   2.362020      8.320        0.0
   2649.500     3.9328      0.139   2.898198   2.360800      8.317        0.0
   2649.750     3.9348      0.170   2.898518   2.359579      8.319        0.0
   2650.000     3.9369      0.170   2.898776   2.358816      8.319        0.0
   2650.250     3.9390      0.158   2.899120   2.358358      8.321        0.0
   2650.500     3.9411      0.188   2.899353   2.357137      8.319        0.0
   2650.750     3.9432      0.219   2.899655   2.356222      8.318        0.0
   2651.000     3.9451      0.200   2.899980   2.355917      8.319        0.0
   2651.250     3.9473      0.182   2.900300   2.356298      8.322        0.0
   2651.500     3.9494      0.182   2.900601   2.352255      8.317        0.0
   2651.750     3.9515      0.200   2.900878   2.354162      8.318        0.0
   2652.000     3.9535      0.197   2.901222   2.350576      8.321        0.0
   2652.250     3.9555      0.194   2.901523   2.350500      8.319        0.0
   2652.500     3.9576      0.203   2.901867   2.349966      8.319        0.0
   2652.750     3.9597      0.240   2.902187   2.350881      8.320        0.0
   2653.000     3.9615      0.273   2.902556   2.348058      8.316        0.0
   2653.250     3.9636      0.288   2.902857   2.347143      8.319        0.0
   2653.500     3.9656      0.288   2.903115   2.345617      8.315        0.0
   2653.750     3.9677      0.313   2.903416   2.345464      8.321        0.0
   2654.000     3.9697      0.325   2.903650   2.344396      8.319        0.0
   2654.250     3.9715      0.291   2.903933   2.343252      8.319        0.0
   2654.500     3.9734      0.243   2.904191   2.343252      8.317        0.0
   2654.750     3.9755      0.191   2.904468   2.342260      8.318        0.0
   2655.000     3.9776      0.149   2.904769   2.342107      8.320        0.0
   2655.250     3.9794      0.167   2.905027   2.340505      8.319        0.0
   2655.500     3.9814      0.139   2.905390   2.339132      8.319        0.0
   2655.750     3.9834      0.121   2.905716   2.338216      8.318        0.0
   2656.000     3.9853      0.106   2.905974   2.338064      8.320        0.0
   2656.250     3.9874      0.124   2.906276   2.335775      8.322        0.0
   2656.500     3.9894      0.164   2.906595   2.334020      8.319        0.0
   2656.750     3.9914      0.203   2.906940   2.334554      8.319        0.0
   2657.000     3.9933      0.255   2.907241   2.333562      8.318        0.0
   2657.250     3.9952      0.279   2.907500   2.332799      8.320        0.0
   2657.500     3.9973      0.255   2.907740   2.331731      8.319        0.0
   2657.750     3.9993      0.243   2.908041   2.331350      8.317        0.0
   2658.000     4.0013      0.209   2.908318   2.330816      8.322        0.0
   2658.250     4.0033      0.203   2.908601   2.329519      8.318        0.0
   2658.500     4.0052      0.191   2.908902   2.329900      8.319        0.0
   2658.750     4.0071      0.197   2.909179   2.329366      8.317        0.0
   2659.000     4.0092      0.185   2.909481   2.329061      8.316        0.0
   2659.250     4.0111      0.179   2.909782   2.328985      8.319        0.0
   2659.500     4.0130      0.215   2.910108   2.328374      8.322        0.0
   2659.750     4.0150      0.225   2.910367   2.327764      8.316        0.0
   2660.000     4.0168      0.228   2.910644   2.327916      8.320        0.0
   2660.250     4.0189      0.234   2.910945   2.327993      8.316        0.0
   2660.500     4.0207      0.194   2.911204   2.327306      8.318        0.0
   2660.750     4.0227      0.182   2.911444   2.326543      8.314        0.0
   2661.000     4.0247      0.167   2.911702   2.326696      8.318        0.0
   2661.250     4.0267      0.197   2.912004   2.325475      8.318        0.0
   2661.500     4.0289      0.218   2.912281   2.325093      8.320        0.0
   2661.750     4.0311      0.234   2.912478   2.323644      8.316        0.0
   2662.000     4.0331      0.234   2.912779   2.324102      8.317        0.0
   2662.250     4.0349      0.212   2.913038   2.322652      8.319        0.0
   2662.500     4.0368      0.173   2.913339   2.323415      8.315        0.0
   2662.750     4.0386      0.149   2.913487   2.322576      8.317        0.0
   2663.000     4.0403      0.149   2.913967   2.322194      8.317        0.0
   2663.250     4.0423      0.139   2.914312   2.320897      8.318        0.0
   2663.500     4.0441      0.158   2.914614   2.321584      8.319        0.0
   2663.750     4.0461      0.155   2.914848   2.319829      8.321        0.0
   2664.000     4.0480      0.145   2.915174   2.319448      8.319        0.0
   2664.250     4.0498      0.164   2.915433   2.318303      8.321        0.0
   2664.500     4.0517      0.173   2.915691   2.318608      8.318        0.0
   2664.750     4.0537      0.164   2.915950   2.318074      8.316        0.0
   2665.000     4.0556      0.164   2.916276   2.316777      8.316        0.0
   2665.250     4.0574      0.124   2.916492   2.317311      8.319        0.0
   2665.500     4.0593      0.121   2.916769   2.315404      8.321        0.0
   2665.750     4.0612      0.124   2.917071   2.314717      8.319        0.0
   2666.000     4.0631      0.152   2.917379   2.313039      8.316        0.0
   2666.250     4.0648      0.164   2.917656   2.313039      8.318        0.0
