assets/demos/compare_filters/SBE19plus_01908106_2023_06_14_0008_raw.cnv
* Sea-Bird SBE19plus  Data File:
* FileName = C:\CTD\202301_162_L2\SBE19plus_01908106_2023_06_14_0008.hex
* Software version 2.8.0.119
* Temperature SN = 8106
* Conductivity SN = 8106
* System UpLoad Time = Jun 14 2023 18:20:02
* <ApplicationData>
* <Seaterm232>
# nquan = 7
# nvalues = 10967
# units = specified
# name 1 = timeS: Time, Elapsed [seconds]
# name 2 = tv290C: Temperature [ITS-90, deg C]
# name 3 = prdM: Pressure, Strain Gauge [db]
# name 4 = c0S/m: Conductivity [S/m]
# name 5 = sbeox0V: Oxygen raw, SBE 43 [V]
# name 6 = ph: pH
# name 7 = flag:  0.000e+00
# span 1 =          0,     2741.5
# span 2 =     0.5322,     8.4626
# span 3 =      -0.18,     59.346
# span 4 =    0.00012,   3.086023
# span 5 = 1.92835889219501, 3.49233234149691
# span 6 =      7.199,       8.33
# span 7 =          0,          0
# interval = seconds: 0.25
# start_time = Jun 14 2023 15:22:07 [Instrument's time stamp, header]
# bad_flag = -9.990e-29
*END*
[from data line 9847]
   2461.750     0.5332     31.117   2.704861   1.929198      8.018        0.0
   2462.000     0.5332     31.026   2.704903   1.929961      8.017        0.0
   2462.250     0.5331     30.932   2.704777   1.929580      8.014        0.0
   2462.500     0.5331     30.838   2.704735   1.929046      8.016        0.0
   2462.750     0.5331     30.740   2.704795   1.930724      8.013        0.0
   2463.000     0.5331     30.640   2.704795   1.930037      8.013        0.0
   2463.250     0.5331     30.552   2.704753   1.929427      8.015        0.0
   2463.500     0.5330     30.464   2.704669   1.930037      8.018        0.0
   2463.750     0.5331     30.385   2.704609   1.929656      8.017        0.0
   2464.000     0.5331     30.275   2.704609   1.929274      8.014        0.0
   2464.250     0.5330     30.196   2.704627   1.930190      8.016        0.0
   2464.500     0.5329     30.108   2.704418   1.930343      8.015        0.0
   2464.750     0.5331     30.026   2.704543   1.929580      8.014        0.0
   2465.000     0.5330     29.944   2.704418   1.928893      8.016        0.0
   2465.250     0.5328     29.862   2.703663   1.929961      8.016        0.0
   2465.500     0.5329     29.768   2.704106   1.930419      8.017        0.0
   2465.750     0.5329     29.679   2.704609   1.929656      8.017        0.0
   2466.000     0.5329     29.579   2.705004   1.929503      8.015        0.0
   2466.250     0.5328     29.494   2.704945   1.930190      8.017        0.0
   2466.500     0.5328     29.388   2.704819   1.930114      8.017        0.0
   2466.750     0.5328     29.287   2.704921   1.929732      8.019        0.0
   2467.000     0.5328     29.190   2.705154   1.929808      8.015        0.0
   2467.250     0.5328     29.111   2.705130   1.929961      8.015        0.0
   2467.500     0.5328     29.020   2.705028   1.929351      8.017        0.0
   2467.750     0.5328     28.925   2.705046   1.930266      8.018        0.0
   2468.000     0.5328     28.840   2.705238   1.930037      8.015        0.0
   2468.250     0.5327     28.764   2.705340   1.929351      8.017        0.0
   2468.500     0.5327     28.670   2.705423   1.929732      8.019        0.0
   2468.750     0.5327     28.600   2.705465   1.930190      8.022        0.0
   2469.000     0.5327     28.533   2.705531   1.928359      8.013        0.0
   2469.250     0.5327     28.460   2.705507   1.929580      8.017        0.0
   2469.500     0.5326     28.384   2.705489   1.928588      8.015        0.0
   2469.750     0.5327     28.314   2.705381   1.930571      8.018        0.0
   2470.000     0.5326     28.238   2.705256   1.929427      8.019        0.0
   2470.250     0.5326     28.162   2.705028   1.929427      8.020        0.0
   2470.500     0.5326     28.077   2.705028   1.928740      8.020        0.0
   2470.750     0.5326     27.992   2.705196   1.930190      8.016        0.0
   2471.000     0.5326     27.913   2.705214   1.930114      8.021        0.0
   2471.250     0.5325     27.828   2.705070   1.929503      8.019        0.0
   2471.500     0.5324     27.743   2.705046   1.929808      8.020        0.0
   2471.750     0.5325     27.649   2.705130   1.930114      8.017        0.0
   2472.000     0.5325     27.557   2.705214   1.929046      8.018        0.0
   2472.250     0.5325     27.475   2.705297   1.930114      8.017        0.0
   2472.500     0.5325     27.405   2.705321   1.929198      8.022        0.0
   2472.750     0.5325     27.320   2.705255   1.930266      8.020        0.0
   2473.000     0.5323     27.256   2.705196   1.930037      8.017        0.0
   2473.250     0.5325     27.180   2.705130   1.929732      8.024        0.0
   2473.500     0.5324     27.113   2.705046   1.930419      8.023        0.0
   2473.750     0.5325     27.050   2.705046   1.930266      8.025        0.0
   2474.000     0.5323     26.986   2.705172   1.929732      8.021        0.0
   2474.250     0.5324     26.922   2.705255   1.929198      8.021        0.0
   2474.500     0.5324     26.840   2.705237   1.930266      8.023        0.0
   2474.750     0.5323     26.773   2.705213   1.928359      8.023        0.0
   2475.000     0.5324     26.700   2.705213   1.929808      8.024        0.0
   2475.250     0.5324     26.624   2.705171   1.929885      8.024        0.0
   2475.500     0.5323     26.557   2.705088   1.929427      8.024        0.0
   2475.750     0.5323     26.490   2.705028   1.929046      8.025        0.0
   2476.000     0.5324     26.420   2.704986   1.931182      8.022        0.0
   2476.250     0.5324     26.344   2.704962   1.928817      8.023        0.0
   2476.500     0.5323     26.277   2.704986   1.929122      8.025        0.0
   2476.750     0.5322     26.211   2.705069   1.930877      8.026        0.0
   2477.000     0.5324     26.153   2.705129   1.929427      8.026        0.0
   2477.250     0.5323     26.092   2.705129   1.929808      8.024        0.0
   2477.500     0.5323     26.034   2.704902   1.930343      8.026        0.0
   2477.750     0.5322     25.973   2.704734   1.929656      8.025        0.0
   2478.000     0.5322     25.916   2.704818   1.930114      8.024        0.0
   2478.250     0.5322     25.855   2.705027   1.930037      8.029        0.0
   2478.500     0.5322     25.806   2.705237   1.930495      8.026        0.0
   2478.750     0.5323     25.745   2.705339   1.930953      8.028        0.0
   2479.000     0.5322     25.688   2.705417   1.929808      8.030        0.0
   2479.250     0.5322     25.624   2.705477   1.930343      8.028        0.0
   2479.500     0.5322     25.566   2.705465   1.929808      8.025        0.0
   2479.750     0.5322     25.508   2.705465   1.930800      8.029        0.0
   2480.000     0.5322     25.447   2.705465   1.930037      8.025        0.0
   2480.250     0.5322     25.393   2.705465   1.930495      8.026        0.0
   2480.500     0.5322     25.335   2.705447   1.930800      8.029        0.0
   2480.750     0.5323     25.277   2.705465   1.930724      8.028        0.0
   2481.000     0.5322     25.216   2.705447   1.930419      8.030        0.0
   2481.250     0.5322     25.165   2.705465   1.929885      8.025        0.0
   2481.500     0.5322     25.116   2.705447   1.930190      8.026        0.0
   2481.750     0.5322     25.058   2.705447   1.930648      8.028        0.0
   2482.000     0.5323     25.007   2.705446   1.930037      8.029        0.0
   2482.250     0.5322     24.940   2.705446   1.930800      8.030        0.0
   2482.500     0.5323     24.891   2.705423   1.930419      8.028        0.0
   2482.750     0.5324     24.839   2.705422   1.930724      8.027        0.0
   2483.000     0.5323     24.785   2.705446   1.930800      8.030        0.0
   2483.250     0.5322     24.736   2.705422   1.930266      8.030        0.0
   2483.500     0.5322     24.684   2.705404   1.930953      8.031        0.0
   2483.750     0.5322     24.636   2.705422   1.930114      8.031        0.0
   2484.000     0.5322     24.593   2.705404   1.930571      8.031        0.0
   2484.250     0.5323     24.541   2.705404   1.930343      8.031        0.0
   2484.500     0.5323     24.496   2.705404   1.930953      8.031        0.0
   2484.750     0.5323     24.444   2.705404   1.930800      8.030        0.0
   2485.000     0.5322     24.399   2.705404   1.930953      8.032        0.0
   2485.250     0.5323     24.356   2.705404   1.931258      8.030        0.0
   2485.500     0.5323     24.310   2.705404   1.930114      8.030        0.0
   2485.750     0.5323     24.268   2.705404   1.930724      8.033        0.0
   2486.000     0.5323     24.225   2.705380   1.930877      8.037        0.0
   2486.250     0.5323     24.186   2.705380   1.931182      8.034        0.0
   2486.500     0.5323     24.143   2.705404   1.931716      8.033        0.0
   2486.750     0.5324     24.095   2.705404   1.931106      8.034        0.0
   2487.000     0.5324     24.058   2.705380   1.932021      8.035        0.0
   2487.250     0.5324     24.009   2.705380   1.930953      8.036        0.0
   2487.500     0.5324     23.961   2.705404   1.931411      8.038        0.0
   2487.750     0.5324     23.909   2.705380   1.931868      8.037        0.0
   2488.000     0.5325     23.870   2.705380   1.932555      8.035        0.0
   2488.250     0.5325     23.818   2.705380   1.931106      8.036        0.0
   2488.500     0.5325     23.778   2.705404   1.932479      8.035        0.0
   2488.750     0.5326     23.730   2.705380   1.931487      8.036        0.0
   2489.000     0.5325     23.684   2.705380   1.930724      8.036        0.0
   2489.250     0.5326     23.645   2.705380   1.931258      8.038        0.0
   2489.500     0.5326     23.605   2.705362   1.932403      8.044        0.0
   2489.750     0.5326     23.566   2.705380   1.931640      8.040        0.0
   2490.000     0.5326     23.520   2.705380   1.931334      8.038        0.0
   2490.250     0.5327     23.480   2.705380   1.932479      8.042        0.0
   2490.500     0.5326     23.438   2.705380   1.931487      8.044        0.0
   2490.750     0.5327     23.392   2.705380   1.931411      8.042        0.0
   2491.000     0.5328     23.353   2.705380   1.932250      8.045        0.0
   2491.250     0.5328     23.298   2.705380   1.932860      8.043        0.0
   2491.500     0.5328     23.255   2.705380   1.932021      8.046        0.0
   2491.750     0.5329     23.216   2.705380   1.932174      8.045        0.0
   2492.000     0.5328     23.167   2.705380   1.932250      8.042        0.0
   2492.250     0.5330     23.122   2.705380   1.932860      8.047        0.0
   2492.500     0.5330     23.076   2.705380   1.932479      8.047        0.0
   2492.750     0.5330     23.037   2.705380   1.932860      8.048        0.0
   2493.000     0.5331     22.997   2.705380   1.932708      8.049        0.0
   2493.250     0.5331     22.942   2.705380   1.932631      8.051        0.0
   2493.500     0.5331     22.909   2.705380   1.933089      8.050        0.0
   2493.750     0.5332     22.863   2.705380   1.933318      8.052        0.0
   2494.000     0.5332     22.821   2.705380   1.933318      8.053        0.0
   2494.250     0.5333     22.778   2.705380   1.932860      8.056        0.0
   2494.500     0.5334     22.733   2.705380   1.933471      8.056        0.0
   2494.750     0.5333     22.690   2.705380   1.933547      8.061        0.0
   2495.000     0.5334     22.650   2.705380   1.932479      8.062        0.0
   2495.250     0.5336     22.611   2.705380   1.933165      8.063        0.0
   2495.500     0.5336     22.565   2.705380   1.933165      8.066        0.0
   2495.750     0.5337     22.520   2.705380   1.933013      8.066        0.0
   2496.000     0.5337     22.477   2.705380   1.933013      8.067        0.0
   2496.250     0.5338     22.444   2.705404   1.934386      8.067        0.0
   2496.500     0.5339     22.404   2.705404   1.933776      8.072        0.0
   2496.750     0.5339     22.386   2.705404   1.934768      8.073        0.0
   2497.000     0.5341     22.368   2.705422   1.932860      8.078        0.0
   2497.250     0.5341     22.359   2.705404   1.933776      8.075        0.0
   2497.500     0.5342     22.346   2.705404   1.933471      8.079        0.0
   2497.750     0.5343     22.334   2.705404   1.935073      8.080        0.0
   2498.000     0.5344     22.322   2.705422   1.934463      8.079        0.0
   2498.250     0.5345     22.295   2.705446   1.934997      8.086        0.0
   2498.500     0.5347     22.264   2.705446   1.935073      8.084        0.0
   2498.750     0.5347     22.231   2.705446   1.933471      8.083        0.0
   2499.000     0.5350     22.194   2.705464   1.934997      8.086        0.0
   2499.250     0.5349     22.164   2.705446   1.935378      8.089        0.0
   2499.500     0.5350     22.118   2.705446   1.935683      8.090        0.0
   2499.750     0.5353     22.079   2.705464   1.935454      8.092        0.0
   2500.000     0.5355     22.027   2.705464   1.935760      8.095        0.0
   2500.250     0.5354     21.988   2.705488   1.935149      8.098        0.0
   2500.500     0.5356     21.924   2.705464   1.934539      8.098        0.0
   2500.750     0.5358     21.863   2.705488   1.934920      8.101        0.0
   2501.000     0.5360     21.796   2.705476   1.934691      8.103        0.0
   2501.250     0.5362     21.723   2.705494   1.934997      8.107        0.0
   2501.500     0.5363     21.638   2.705505   1.935149      8.111        0.0
   2501.750     0.5365     21.559   2.705505   1.935225      8.112        0.0
   2502.000     0.5366     21.483   2.705505   1.933623      8.119        0.0
   2502.250     0.5368     21.425   2.705529   1.935454      8.123        0.0
   2502.500     0.5370     21.374   2.705529   1.935683      8.126        0.0
   2502.750     0.5373     21.340   2.705571   1.935531      8.128        0.0
   2503.000     0.5373     21.301   2.705547   1.934463      8.135        0.0
   2503.250     0.5377     21.261   2.705571   1.933165      8.138        0.0
   2503.500     0.5380     21.240   2.705571   1.933852      8.139        0.0
   2503.750     0.5383     21.209   2.705589   1.935454      8.142        0.0
   2504.000     0.5385     21.179   2.705613   1.933776      8.149        0.0
   2504.250     0.5386     21.158   2.705613   1.934310      8.148        0.0
   2504.500     0.5390     21.146   2.705655   1.934920      8.148        0.0
   2504.750     0.5394     21.133   2.705655   1.933623      8.150        0.0
   2505.000     0.5396     21.127   2.705655   1.934768      8.152        0.0
   2505.250     0.5400     21.127   2.705697   1.935683      8.157        0.0
   2505.500     0.5403     21.109   2.705715   1.935683      8.157        0.0
   2505.750     0.5407     21.091   2.705697   1.934997      8.158        0.0
   2506.000     0.5411     21.067   2.705739   1.935073      8.159        0.0
   2506.250     0.5415     21.051   2.705781   1.934844      8.162        0.0
   2506.500     0.5419     21.033   2.705799   1.934463      8.165        0.0
   2506.750     0.5423     21.003   2.705799   1.934691      8.166        0.0
   2507.000     0.5428     20.963   2.705841   1.935683      8.163        0.0
   2507.250     0.5432     20.921   2.705841   1.934005      8.172        0.0
   2507.500     0.5438     20.878   2.705883   1.934997      8.172        0.0
   2507.750     0.5443     20.845   2.705906   1.934920      8.174        0.0
   2508.000     0.5448     20.811   2.705924   1.935454      8.175        0.0
   2508.250     0.5452     20.762   2.705948   1.934691      8.177        0.0
   2508.500     0.5457     20.714   2.706008   1.934691      8.181        0.0
   2508.750     0.5463     20.665   2.706032   1.934691      8.181        0.0
   2509.000     0.5468     20.620   2.706050   1.935149      8.185        0.0
   2509.250     0.5475     20.574   2.706074   1.934005      8.184        0.0
   2509.500     0.5480     20.522   2.706116   1.934463      8.187        0.0
   2509.750     0.5487     20.477   2.706158   1.934844      8.195        0.0
   2510.000     0.5495     20.434   2.706176   1.933852      8.197        0.0
   2510.250     0.5501     20.401   2.706218   1.932784      8.204        0.0
   2510.500     0.5507     20.373   2.706260   1.933394      8.203        0.0
   2510.750     0.5515     20.343   2.706302   1.933623      8.207        0.0
   2511.000     0.5523     20.322   2.706344   1.933165      8.208        0.0
   2511.250     0.5531     20.297   2.706409   1.933013      8.215        0.0
   2511.500     0.5540     20.270   2.706451   1.932708      8.217        0.0
   2511.750     0.5546     20.249   2.706469   1.933013      8.224        0.0
   2512.000     0.5557     20.224   2.706553   1.933852      8.226        0.0
   2512.250     0.5564     20.203   2.706577   1.932479      8.224        0.0
   2512.500     0.5574     20.176   2.706643   1.933852      8.233        0.0
