assets/demos/compare_filters/SBE19plus_01908106_2023_06_14_0008_raw_median.cnv
* Sea-Bird SBE19plus  Data File:
* FileName = C:\CTD\202301_162_L2\SBE19plus_01908106_2023_06_14_0008.hex
* Software version 2.8.0.119
* Temperature SN = 8106
* Conductivity SN = 8106
* System UpLoad Time = Jun 14 2023 18:20:02
* <ApplicationData>
* <Seaterm232>
# nquan = 7
# nvalues = 10967                       
# units = specified
# name 1 = timeS: Time, Elapsed [seconds]
# name 2 = tv290C: Temperature [ITS-90, deg C]
# name 3 = prdM: Pressure, Strain Gauge [db]
# name 4 = c0S/m: Conductivity [S/m]
# name 5 = sbeox0V: Oxygen raw, SBE 43 [V]
# name 6 = ph: pH
# name 7 = flag:  0.000e+00
# span 0 =      0.000,   2741.500       
# span 1 =     0.5322,     8.4612       
# span 2 =     -0.180,     59.346       
# span 3 =   0.000127,   3.081833       
# span 4 =     1.9284,     3.4923       
# span 5 =      7.246,      8.328       
# span 6 = 0.0000e+00, 0.0000e+00       
# interval = seconds: 0.25
# start_time = Jun 14 2023 15:22:07 [Instrument's time stamp, header]
# bad_flag = -9.990e-29
*END*
[from data line 6154]
   1538.500     0.5864     59.017   2.711818     2.9381      8.007 0.0000e+00
   1538.750     0.5864     59.020   2.711818     2.9397      8.006 0.0000e+00
   1539.000     0.5864     59.013   2.711836     2.9391      8.006 0.0000e+00
   1539.250     0.5865     59.017   2.711884     2.9386      8.006 0.0000e+00
   1539.500     0.5868     59.029   2.711884     2.9387      8.007 0.0000e+00
   1539.750     0.5871     59.013   2.711884     2.9381      8.007 0.0000e+00
   1540.000     0.5873     59.020   2.711884     2.9397      8.007 0.0000e+00
   1540.250     0.5875     59.017   2.711884     2.9386      8.007 0.0000e+00
   1540.500     0.5877     59.014   2.711884     2.9380      8.006 0.0000e+00
   1540.750     0.5877     59.007   2.711872     2.9393      8.006 0.0000e+00
   1541.000     0.5877     59.007   2.711860     2.9383      8.006 0.0000e+00
   1541.250     0.5875     59.004   2.711842     2.9385      8.007 0.0000e+00
   1541.500     0.5874     59.001   2.711842     2.9400      8.007 0.0000e+00
   1541.750     0.5872     59.004   2.711836     2.9388      8.007 0.0000e+00
   1542.000     0.5870     58.998   2.711818     2.9389      8.007 0.0000e+00
   1542.250     0.5870     59.004   2.711818     2.9386      8.007 0.0000e+00
   1542.500     0.5868     58.998   2.711776     2.9409      8.006 0.0000e+00
   1542.750     0.5864     58.995   2.711758     2.9397      8.007 0.0000e+00
   1543.000     0.5861     58.992   2.711734     2.9393      8.004 0.0000e+00
   1543.250     0.5859     58.986   2.711716     2.9387      8.005 0.0000e+00
   1543.500     0.5857     58.989   2.711716     2.9391      8.005 0.0000e+00
   1543.750     0.5855     58.986   2.711716     2.9387      8.008 0.0000e+00
   1544.000     0.5854     58.986   2.711716     2.9386      8.009 0.0000e+00
   1544.250     0.5853     58.986   2.711716     2.9389      8.009 0.0000e+00
   1544.500     0.5852     58.992   2.711716     2.9384      8.009 0.0000e+00
   1544.750     0.5852     58.986   2.711716     2.9396      8.008 0.0000e+00
   1545.000     0.5853     58.986   2.711734     2.9386      8.008 0.0000e+00
   1545.250     0.5854     58.992   2.711758     2.9388      8.008 0.0000e+00
   1545.500     0.5855     58.992   2.711776     2.9378      8.008 0.0000e+00
   1545.750     0.5857     58.995   2.711776     2.9387      8.007 0.0000e+00
   1546.000     0.5860     58.998   2.711776     2.9392      8.005 0.0000e+00
   1546.250     0.5864     58.992   2.711776     2.9377      8.006 0.0000e+00
   1546.500     0.5864     58.998   2.711776     2.9399      8.006 0.0000e+00
   1546.750     0.5864     58.992   2.711758     2.9380      8.007 0.0000e+00
   1547.000     0.5861     58.992   2.711752     2.9383      8.007 0.0000e+00
   1547.250     0.5859     58.989   2.711734     2.9376      8.007 0.0000e+00
   1547.500     0.5859     58.998   2.711734     2.9369      8.007 0.0000e+00
   1547.750     0.5858     58.998   2.711716     2.9379      8.006 0.0000e+00
   1548.000     0.5857     58.998   2.711692     2.9374      8.006 0.0000e+00
   1548.250     0.5854     58.992   2.711692     2.9380      8.004 0.0000e+00
   1548.500     0.5852     58.989   2.711692     2.9374      8.004 0.0000e+00
   1548.750     0.5851     58.992   2.711692     2.9366      8.007 0.0000e+00
   1549.000     0.5849     59.001   2.711692     2.9371      8.007 0.0000e+00
   1549.250     0.5849     58.998   2.711692     2.9382      8.007 0.0000e+00
   1549.500     0.5849     58.998   2.711692     2.9371      8.007 0.0000e+00
   1549.750     0.5849     59.011   2.711692     2.9380      8.007 0.0000e+00
   1550.000     0.5849     59.017   2.711692     2.9371      8.007 0.0000e+00
   1550.250     0.5848     59.017   2.711674     2.9364      8.007 0.0000e+00
   1550.500     0.5848     59.014   2.711674     2.9370      8.007 0.0000e+00
   1550.750     0.5846     59.020   2.711674     2.9369      8.007 0.0000e+00
   1551.000     0.5846     59.017   2.711656     2.9372      8.007 0.0000e+00
   1551.250     0.5846     59.017   2.711650     2.9380      8.007 0.0000e+00
   1551.500     0.5846     59.011   2.711650     2.9374      8.006 0.0000e+00
   1551.750     0.5845     59.011   2.711650     2.9364      8.005 0.0000e+00
   1552.000     0.5845     59.011   2.711650     2.9377      8.005 0.0000e+00
   1552.250     0.5844     59.004   2.711632     2.9364      8.006 0.0000e+00
   1552.500     0.5844     59.004   2.711632     2.9374      8.007 0.0000e+00
   1552.750     0.5843     58.998   2.711632     2.9390      8.007 0.0000e+00
   1553.000     0.5843     58.998   2.711614     2.9391      8.007 0.0000e+00
   1553.250     0.5843     58.998   2.711608     2.9374      8.005 0.0000e+00
   1553.500     0.5842     58.995   2.711614     2.9374      8.005 0.0000e+00
   1553.750     0.5842     58.989   2.711614     2.9376      8.005 0.0000e+00
   1554.000     0.5842     58.977   2.711614     2.9377      8.005 0.0000e+00
   1554.250     0.5841     58.980   2.711614     2.9374      8.006 0.0000e+00
   1554.500     0.5841     58.986   2.711632     2.9380      8.006 0.0000e+00
   1554.750     0.5841     58.980   2.711650     2.9378      8.006 0.0000e+00
   1555.000     0.5842     58.974   2.711650     2.9373      8.006 0.0000e+00
   1555.250     0.5844     58.974   2.711656     2.9374      8.006 0.0000e+00
   1555.500     0.5844     58.980   2.711674     2.9377      8.005 0.0000e+00
   1555.750     0.5845     58.974   2.711674     2.9371      8.005 0.0000e+00
   1556.000     0.5845     58.968   2.711674     2.9382      8.005 0.0000e+00
   1556.250     0.5846     58.971   2.711674     2.9367      8.006 0.0000e+00
   1556.500     0.5848     58.968   2.711692     2.9374      8.005 0.0000e+00
   1556.750     0.5848     58.968   2.711692     2.9374      8.006 0.0000e+00
   1557.000     0.5849     58.962   2.711692     2.9373      8.006 0.0000e+00
   1557.250     0.5850     58.962   2.711716     2.9380      8.008 0.0000e+00
   1557.500     0.5852     58.962   2.711716     2.9380      8.005 0.0000e+00
   1557.750     0.5852     58.953   2.711716     2.9385      8.007 0.0000e+00
   1558.000     0.5852     58.962   2.711716     2.9380      8.007 0.0000e+00
   1558.250     0.5852     58.965   2.711716     2.9373      8.007 0.0000e+00
   1558.500     0.5852     58.968   2.711716     2.9380      8.007 0.0000e+00
   1558.750     0.5852     58.977   2.711716     2.9373      8.007 0.0000e+00
   1559.000     0.5852     58.974   2.711716     2.9376      8.007 0.0000e+00
   1559.250     0.5852     58.989   2.711716     2.9379      8.007 0.0000e+00
   1559.500     0.5852     58.998   2.711716     2.9373      8.007 0.0000e+00
   1559.750     0.5852     59.001   2.711716     2.9379      8.007 0.0000e+00
   1560.000     0.5851     59.001   2.711716     2.9376      8.007 0.0000e+00
   1560.250     0.5851     59.001   2.711716     2.9376      8.006 0.0000e+00
   1560.500     0.5851     59.001   2.711716     2.9379      8.006 0.0000e+00
   1560.750     0.5852     58.995   2.711716     2.9380      8.006 0.0000e+00
   1561.000     0.5853     58.998   2.711716     2.9371      8.006 0.0000e+00
   1561.250     0.5853     58.986   2.711716     2.9370      8.006 0.0000e+00
   1561.500     0.5853     58.986   2.711716     2.9368      8.007 0.0000e+00
   1561.750     0.5853     58.986   2.711692     2.9370      8.007 0.0000e+00
   1562.000     0.5853     58.986   2.711692     2.9373      8.007 0.0000e+00
   1562.250     0.5852     58.980   2.711692     2.9360      8.007 0.0000e+00
   1562.500     0.5852     58.989   2.711692     2.9374      8.008 0.0000e+00
   1562.750     0.5852     58.983   2.711692     2.9368      8.006 0.0000e+00
   1563.000     0.5852     58.986   2.711692     2.9371      8.006 0.0000e+00
   1563.250     0.5852     58.986   2.711692     2.9377      8.006 0.0000e+00
   1563.500     0.5852     58.992   2.711692     2.9377      8.006 0.0000e+00
   1563.750     0.5852     58.995   2.711692     2.9384      8.006 0.0000e+00
   1564.000     0.5852     59.001   2.711692     2.9371      8.006 0.0000e+00
   1564.250     0.5852     59.008   2.711692     2.9367      8.006 0.0000e+00
   1564.500     0.5850     59.008   2.711692     2.9394      8.006 0.0000e+00
   1564.750     0.5850     59.011   2.711692     2.9387      8.006 0.0000e+00
   1565.000     0.5850     59.008   2.711692     2.9387      8.006 0.0000e+00
   1565.250     0.5850     59.002   2.711692     2.9374      8.006 0.0000e+00
   1565.500     0.5851     59.005   2.711776     2.9368      8.008 0.0000e+00
   1565.750     0.5854     59.005   2.711776     2.9371      8.007 0.0000e+00
   1566.000     0.5857     59.001   2.711794     2.9374      8.007 0.0000e+00
   1566.250     0.5860     58.998   2.711800     2.9383      8.007 0.0000e+00
   1566.500     0.5862     58.998   2.711800     2.9374      8.007 0.0000e+00
   1566.750     0.5865     59.005   2.711818     2.9370      8.007 0.0000e+00
   1567.000     0.5865     58.995   2.711842     2.9373      8.006 0.0000e+00
   1567.250     0.5867     59.001   2.711872     2.9384      8.006 0.0000e+00
   1567.500     0.5871     58.998   2.711872     2.9376      8.006 0.0000e+00
   1567.750     0.5876     58.998   2.711872     2.9385      8.006 0.0000e+00
   1568.000     0.5878     58.995   2.711872     2.9392      8.006 0.0000e+00
   1568.250     0.5878     59.001   2.711872     2.9384      8.006 0.0000e+00
   1568.500     0.5878     58.992   2.711860     2.9382      8.006 0.0000e+00
   1568.750     0.5875     58.992   2.711860     2.9387      8.006 0.0000e+00
   1569.000     0.5873     58.995   2.711860     2.9386      8.006 0.0000e+00
   1569.250     0.5873     58.986   2.711842     2.9384      8.007 0.0000e+00
   1569.500     0.5872     58.986   2.711842     2.9397      8.007 0.0000e+00
   1569.750     0.5872     58.986   2.711836     2.9399      8.008 0.0000e+00
   1570.000     0.5872     58.980   2.711818     2.9395      8.008 0.0000e+00
   1570.250     0.5871     58.983   2.711812     2.9387      8.008 0.0000e+00
   1570.500     0.5869     58.974   2.711776     2.9387      8.008 0.0000e+00
   1570.750     0.5868     58.980   2.711758     2.9390      8.007 0.0000e+00
   1571.000     0.5863     58.980   2.711758     2.9393      8.006 0.0000e+00
   1571.250     0.5860     58.980   2.711692     2.9384      8.007 0.0000e+00
   1571.500     0.5856     58.983   2.711632     2.9389      8.006 0.0000e+00
   1571.750     0.5852     58.986   2.711632     2.9398      8.006 0.0000e+00
   1572.000     0.5848     58.995   2.711572     2.9398      8.006 0.0000e+00
   1572.250     0.5843     58.998   2.711566     2.9400      8.007 0.0000e+00
   1572.500     0.5839     59.002   2.711548     2.9396      8.006 0.0000e+00
   1572.750     0.5835     59.017   2.711548     2.9395      8.007 0.0000e+00
   1573.000     0.5832     59.017   2.711548     2.9393      8.007 0.0000e+00
   1573.250     0.5832     59.029   2.711548     2.9396      8.007 0.0000e+00
   1573.500     0.5832     59.026   2.711548     2.9394      8.007 0.0000e+00
   1573.750     0.5831     59.023   2.711548     2.9411      8.007 0.0000e+00
   1574.000     0.5831     59.026   2.711548     2.9390      8.007 0.0000e+00
   1574.250     0.5830     59.026   2.711548     2.9397      8.007 0.0000e+00
   1574.500     0.5830     59.023   2.711548     2.9396      8.007 0.0000e+00
   1574.750     0.5829     59.029   2.711524     2.9395      8.006 0.0000e+00
   1575.000     0.5829     59.023   2.711524     2.9394      8.005 0.0000e+00
   1575.250     0.5827     59.023   2.711501     2.9401      8.006 0.0000e+00
   1575.500     0.5827     59.017   2.711495     2.9400      8.007 0.0000e+00
   1575.750     0.5825     59.014   2.711483     2.9397      8.007 0.0000e+00
   1576.000     0.5825     59.005   2.711483     2.9399      8.007 0.0000e+00
   1576.250     0.5824     59.008   2.711483     2.9398      8.007 0.0000e+00
   1576.500     0.5822     59.005   2.711483     2.9390      8.008 0.0000e+00
   1576.750     0.5821     59.005   2.711483     2.9390      8.007 0.0000e+00
   1577.000     0.5821     59.008   2.711483     2.9388      8.007 0.0000e+00
   1577.250     0.5821     59.008   2.711477     2.9402      8.007 0.0000e+00
   1577.500     0.5821     59.011   2.711477     2.9397      8.007 0.0000e+00
   1577.750     0.5821     59.008   2.711465     2.9397      8.006 0.0000e+00
   1578.000     0.5821     59.011   2.711477     2.9403      8.006 0.0000e+00
   1578.250     0.5821     59.008   2.711477     2.9396      8.006 0.0000e+00
   1578.500     0.5822     59.008   2.711483     2.9406      8.006 0.0000e+00
   1578.750     0.5822     59.005   2.711483     2.9396      8.006 0.0000e+00
   1579.000     0.5822     59.008   2.711483     2.9398      8.006 0.0000e+00
   1579.250     0.5822     59.005   2.711483     2.9383      8.006 0.0000e+00
   1579.500     0.5822     58.998   2.711483     2.9394      8.006 0.0000e+00
   1579.750     0.5823     59.005   2.711483     2.9401      8.007 0.0000e+00
   1580.000     0.5822     58.998   2.711483     2.9394      8.008 0.0000e+00
   1580.250     0.5822     58.998   2.711483     2.9384      8.007 0.0000e+00
   1580.500     0.5822     59.002   2.711483     2.9392      8.007 0.0000e+00
   1580.750     0.5822     58.998   2.711483     2.9383      8.007 0.0000e+00
   1581.000     0.5822     58.995   2.711483     2.9390      8.007 0.0000e+00
   1581.250     0.5822     59.002   2.711483     2.9380      8.007 0.0000e+00
   1581.500     0.5822     58.999   2.711483     2.9396      8.007 0.0000e+00
   1581.750     0.5821     59.002   2.711483     2.9397      8.007 0.0000e+00
   1582.000     0.5821     58.999   2.711465     2.9391      8.007 0.0000e+00
   1582.250     0.5821     58.995   2.711465     2.9391      8.007 0.0000e+00
   1582.500     0.5821     59.002   2.711465     2.9383      8.007 0.0000e+00
   1582.750     0.5821     58.999   2.711465     2.9394      8.007 0.0000e+00
   1583.000     0.5821     58.995   2.711465     2.9403      8.005 0.0000e+00
   1583.250     0.5821     58.995   2.711465     2.9390      8.005 0.0000e+00
   1583.500     0.5821     58.992   2.711465     2.9401      8.007 0.0000e+00
   1583.750     0.5821     58.992   2.711465     2.9393      8.005 0.0000e+00
   1584.000     0.5821     58.989   2.711465     2.9391      8.007 0.0000e+00
   1584.250     0.5820     58.989   2.711465     2.9403      8.007 0.0000e+00
   1584.500     0.5821     58.986   2.711465     2.9397      8.007 0.0000e+00
   1584.750     0.5821     58.989   2.711483     2.9379      8.007 0.0000e+00
   1585.000     0.5822     58.986   2.711483     2.9393      8.007 0.0000e+00
   1585.250     0.5822     58.986   2.711483     2.9390      8.007 0.0000e+00
   1585.500     0.5822     58.989   2.711483     2.9394      8.007 0.0000e+00
   1585.750     0.5822     58.992   2.711483     2.9391      8.007 0.0000e+00
   1586.000     0.5822     59.002   2.711483     2.9397      8.007 0.0000e+00
   1586.250     0.5823     59.002   2.711483     2.9391      8.007 0.0000e+00
   1586.500     0.5823     59.005   2.711483     2.9393      8.007 0.0000e+00
   1586.750     0.5823     59.011   2.711501     2.9397      8.007 0.0000e+00
   1587.000     0.5824     59.014   2.711501     2.9397      8.007 0.0000e+00
   1587.250     0.5824     59.017   2.711501     2.9404      8.006 0.0000e+00
   1587.500     0.5825     59.017   2.711501     2.9382      8.006 0.0000e+00
   1587.750     0.5825     59.011   2.711501     2.9396      8.006 0.0000e+00
   1588.000     0.5825     59.020   2.711501     2.9386      8.005 0.0000e+00
   1588.250     0.5825     59.014   2.711501     2.9390      8.005 0.0000e+00
   1588.500     0.5825     59.011   2.711501     2.9387      8.005 0.0000e+00
   1588.750     0.5825     59.014   2.711501     2.9394      8.005 0.0000e+00
   1589.000     0.5825     59.011   2.711483     2.9400      8.005 0.0000e+00
   1589.250     0.5824     59.014   2.711483     2.9404      8.006 0.0000e+00
