assets/demos/compare_filters/SBE19plus_01908106_2023_06_14_0008_raw_gaussian.cnv
* Sea-Bird SBE19plus  Data File:
* FileName = C:\CTD\202301_162_L2\SBE19plus_01908106_2023_06_14_0008.hex
* Software version 2.8.0.119
* Temperature SN = 8106
* Conductivity SN = 8106
* System UpLoad Time = Jun 14 2023 18:20:02
* <ApplicationData>
* <Seaterm232>
# nquan = 7
# nvalues = 10967                       
# units = specified
# name 1 = timeS: Time, Elapsed [seconds]
# name 2 = tv290C: Temperature [ITS-90, deg C]
# name 3 = prdM: Pressure, Strain Gauge [db]
# name 4 = c0S/m: Conductivity [S/m]
# name 5 = sbeox0V: Oxygen raw, SBE 43 [V]
# name 6 = ph: pH
# name 7 = flag:  0.000e+00
# span 0 =      0.000,   2741.500       
# span 1 =     0.5322,     8.4614       
# span 2 =     -0.180,     59.346       
# span 3 =   0.000127,   3.082325       
# span 4 =     1.9284,     3.4923       
# span 5 =      7.235,      8.328       
# span 6 = 0.0000e+00, 0.0000e+00       
# interval = seconds: 0.25
# start_time = Jun 14 2023 15:22:07 [Instrument's time stamp, header]
# bad_flag = -9.990e-29
*END*
[from data line 5744]
   1436.000     0.5933     59.046   2.712348     2.9390      8.005 0.0000e+00
   1436.250     0.5932     59.046   2.712351     2.9393      8.005 0.0000e+00
   1436.500     0.5932     59.059   2.712354     2.9386      8.005 0.0000e+00
   1436.750     0.5933     59.049   2.712359     2.9395      8.005 0.0000e+00
   1437.000     0.5933     59.056   2.712362     2.9378      8.005 0.0000e+00
   1437.250     0.5934     59.046   2.712365     2.9384      8.006 0.0000e+00
   1437.500     0.5934     59.040   2.712366     2.9388      8.006 0.0000e+00
   1437.750     0.5935     59.040   2.712367     2.9390      8.006 0.0000e+00
   1438.000     0.5935     59.046   2.712370     2.9404      8.005 0.0000e+00
   1438.250     0.5936     59.040   2.712374     2.9376      8.005 0.0000e+00
   1438.500     0.5936     59.037   2.712377     2.9366      8.006 0.0000e+00
   1438.750     0.5936     59.025   2.712378     2.9384      8.007 0.0000e+00
   1439.000     0.5936     59.028   2.712378     2.9383      8.007 0.0000e+00
   1439.250     0.5937     59.025   2.712379     2.9393      8.008 0.0000e+00
   1439.500     0.5937     59.022   2.712383     2.9377      8.007 0.0000e+00
   1439.750     0.5937     59.013   2.712388     2.9379      8.006 0.0000e+00
   1440.000     0.5937     59.010   2.712395     2.9390      8.006 0.0000e+00
   1440.250     0.5938     59.004   2.712401     2.9386      8.006 0.0000e+00
   1440.500     0.5939     59.007   2.712404     2.9384      8.005 0.0000e+00
   1440.750     0.5940     59.010   2.712409     2.9390      8.006 0.0000e+00
   1441.000     0.5941     59.010   2.712413     2.9383      8.005 0.0000e+00
   1441.250     0.5941     59.010   2.712417     2.9389      8.006 0.0000e+00
   1441.500     0.5942     59.013   2.712418     2.9384      8.006 0.0000e+00
   1441.750     0.5942     59.007   2.712415     2.9390      8.007 0.0000e+00
   1442.000     0.5942     59.007   2.712410     2.9376      8.006 0.0000e+00
   1442.250     0.5942     59.007   2.712403     2.9384      8.006 0.0000e+00
   1442.500     0.5942     59.007   2.712396     2.9390      8.006 0.0000e+00
   1442.750     0.5941     59.007   2.712391     2.9397      8.007 0.0000e+00
   1443.000     0.5940     59.007   2.712385     2.9396      8.007 0.0000e+00
   1443.250     0.5939     59.007   2.712377     2.9381      8.008 0.0000e+00
   1443.500     0.5938     59.007   2.712369     2.9400      8.007 0.0000e+00
   1443.750     0.5937     59.010   2.712360     2.9380      8.006 0.0000e+00
   1444.000     0.5936     59.010   2.712352     2.9400      8.006 0.0000e+00
   1444.250     0.5935     59.019   2.712342     2.9385      8.005 0.0000e+00
   1444.500     0.5934     59.013   2.712333     2.9397      8.005 0.0000e+00
   1444.750     0.5933     59.013   2.712325     2.9383      8.006 0.0000e+00
   1445.000     0.5932     59.022   2.712321     2.9390      8.006 0.0000e+00
   1445.250     0.5931     59.025   2.712320     2.9390      8.006 0.0000e+00
   1445.500     0.5930     59.031   2.712321     2.9385      8.006 0.0000e+00
   1445.750     0.5929     59.034   2.712320     2.9390      8.006 0.0000e+00
   1446.000     0.5929     59.043   2.712318     2.9391      8.005 0.0000e+00
   1446.250     0.5929     59.043   2.712315     2.9383      8.006 0.0000e+00
   1446.500     0.5929     59.046   2.712315     2.9397      8.006 0.0000e+00
   1446.750     0.5930     59.049   2.712317     2.9394      8.006 0.0000e+00
   1447.000     0.5930     59.049   2.712321     2.9394      8.006 0.0000e+00
   1447.250     0.5929     59.046   2.712323     2.9390      8.006 0.0000e+00
   1447.500     0.5929     59.052   2.712324     2.9393      8.006 0.0000e+00
   1447.750     0.5929     59.046   2.712322     2.9388      8.006 0.0000e+00
   1448.000     0.5930     59.043   2.712321     2.9392      8.006 0.0000e+00
   1448.250     0.5930     59.037   2.712322     2.9390      8.006 0.0000e+00
   1448.500     0.5930     59.034   2.712324     2.9398      8.006 0.0000e+00
   1448.750     0.5930     59.031   2.712324     2.9404      8.006 0.0000e+00
   1449.000     0.5930     59.028   2.712321     2.9381      8.007 0.0000e+00
   1449.250     0.5930     59.019   2.712316     2.9389      8.007 0.0000e+00
   1449.500     0.5930     59.010   2.712310     2.9390      8.007 0.0000e+00
   1449.750     0.5930     59.010   2.712308     2.9396      8.007 0.0000e+00
   1450.000     0.5929     59.010   2.712309     2.9393      8.007 0.0000e+00
   1450.250     0.5929     59.001   2.712311     2.9401      8.007 0.0000e+00
   1450.500     0.5929     59.010   2.712314     2.9397      8.006 0.0000e+00
   1450.750     0.5929     59.004   2.712317     2.9398      8.006 0.0000e+00
   1451.000     0.5929     59.013   2.712319     2.9400      8.006 0.0000e+00
   1451.250     0.5930     59.007   2.712323     2.9393      8.006 0.0000e+00
   1451.500     0.5930     59.010   2.712327     2.9401      8.005 0.0000e+00
   1451.750     0.5931     59.010   2.712331     2.9411      8.005 0.0000e+00
   1452.000     0.5931     59.010   2.712334     2.9407      8.005 0.0000e+00
   1452.250     0.5931     59.010   2.712337     2.9404      8.005 0.0000e+00
   1452.500     0.5932     59.016   2.712341     2.9404      8.005 0.0000e+00
   1452.750     0.5932     59.016   2.712346     2.9404      8.006 0.0000e+00
   1453.000     0.5932     59.013   2.712350     2.9399      8.006 0.0000e+00
   1453.250     0.5933     59.016   2.712353     2.9403      8.005 0.0000e+00
   1453.500     0.5933     59.022   2.712355     2.9399      8.005 0.0000e+00
   1453.750     0.5934     59.013   2.712358     2.9403      8.005 0.0000e+00
   1454.000     0.5934     59.016   2.712362     2.9398      8.005 0.0000e+00
   1454.250     0.5934     59.022   2.712365     2.9402      8.006 0.0000e+00
   1454.500     0.5934     59.022   2.712367     2.9400      8.007 0.0000e+00
   1454.750     0.5934     59.016   2.712367     2.9392      8.007 0.0000e+00
   1455.000     0.5935     59.025   2.712369     2.9395      8.007 0.0000e+00
   1455.250     0.5936     59.022   2.712374     2.9378      8.007 0.0000e+00
   1455.500     0.5937     59.016   2.712380     2.9400      8.007 0.0000e+00
   1455.750     0.5938     59.013   2.712384     2.9390      8.007 0.0000e+00
   1456.000     0.5939     59.016   2.712387     2.9391      8.007 0.0000e+00
   1456.250     0.5939     59.016   2.712386     2.9394      8.007 0.0000e+00
   1456.500     0.5939     59.016   2.712383     2.9402      8.007 0.0000e+00
   1456.750     0.5939     59.016   2.712380     2.9398      8.007 0.0000e+00
   1457.000     0.5938     59.004   2.712375     2.9395      8.006 0.0000e+00
   1457.250     0.5938     59.010   2.712371     2.9395      8.006 0.0000e+00
   1457.500     0.5937     59.007   2.712367     2.9397      8.006 0.0000e+00
   1457.750     0.5936     59.004   2.712362     2.9400      8.006 0.0000e+00
   1458.000     0.5935     59.004   2.712360     2.9403      8.006 0.0000e+00
   1458.250     0.5935     59.001   2.712357     2.9405      8.006 0.0000e+00
   1458.500     0.5935     59.001   2.712355     2.9409      8.006 0.0000e+00
   1458.750     0.5935     58.998   2.712353     2.9403      8.005 0.0000e+00
   1459.000     0.5935     59.004   2.712352     2.9390      8.005 0.0000e+00
   1459.250     0.5935     58.998   2.712350     2.9406      8.005 0.0000e+00
   1459.500     0.5935     59.007   2.712349     2.9393      8.006 0.0000e+00
   1459.750     0.5935     59.010   2.712353     2.9390      8.005 0.0000e+00
   1460.000     0.5935     59.013   2.712362     2.9400      8.006 0.0000e+00
   1460.250     0.5936     59.016   2.712376     2.9400      8.006 0.0000e+00
   1460.500     0.5937     59.019   2.712391     2.9395      8.007 0.0000e+00
   1460.750     0.5938     59.025   2.712405     2.9391      8.007 0.0000e+00
   1461.000     0.5939     59.025   2.712414     2.9395      8.007 0.0000e+00
   1461.250     0.5941     59.031   2.712418     2.9391      8.007 0.0000e+00
   1461.500     0.5941     59.028   2.712418     2.9398      8.007 0.0000e+00
   1461.750     0.5942     59.031   2.712417     2.9394      8.007 0.0000e+00
   1462.000     0.5943     59.028   2.712417     2.9387      8.007 0.0000e+00
   1462.250     0.5943     59.028   2.712418     2.9390      8.006 0.0000e+00
   1462.500     0.5944     59.019   2.712419     2.9390      8.006 0.0000e+00
   1462.750     0.5944     59.016   2.712423     2.9389      8.006 0.0000e+00
   1463.000     0.5944     59.004   2.712427     2.9397      8.007 0.0000e+00
   1463.250     0.5944     59.007   2.712435     2.9390      8.008 0.0000e+00
   1463.500     0.5944     58.998   2.712446     2.9402      8.008 0.0000e+00
   1463.750     0.5945     59.004   2.712460     2.9403      8.008 0.0000e+00
   1464.000     0.5947     58.992   2.712475     2.9387      8.008 0.0000e+00
   1464.250     0.5948     58.998   2.712486     2.9393      8.008 0.0000e+00
   1464.500     0.5950     58.992   2.712493     2.9383      8.007 0.0000e+00
   1464.750     0.5951     58.992   2.712495     2.9397      8.007 0.0000e+00
   1465.000     0.5953     58.992   2.712494     2.9386      8.006 0.0000e+00
   1465.250     0.5953     58.989   2.712491     2.9396      8.006 0.0000e+00
   1465.500     0.5954     58.983   2.712482     2.9398      8.006 0.0000e+00
   1465.750     0.5953     58.983   2.712465     2.9401      8.006 0.0000e+00
   1466.000     0.5953     58.986   2.712442     2.9391      8.006 0.0000e+00
   1466.250     0.5950     58.983   2.712414     2.9390      8.007 0.0000e+00
   1466.500     0.5948     58.977   2.712389     2.9407      8.008 0.0000e+00
   1466.750     0.5945     58.980   2.712368     2.9396      8.008 0.0000e+00
   1467.000     0.5942     58.983   2.712353     2.9406      8.009 0.0000e+00
   1467.250     0.5939     58.983   2.712344     2.9401      8.008 0.0000e+00
   1467.500     0.5937     58.989   2.712340     2.9408      8.008 0.0000e+00
   1467.750     0.5935     58.989   2.712341     2.9405      8.007 0.0000e+00
   1468.000     0.5934     58.998   2.712345     2.9406      8.007 0.0000e+00
   1468.250     0.5934     58.995   2.712349     2.9406      8.006 0.0000e+00
   1468.500     0.5935     58.995   2.712349     2.9397      8.006 0.0000e+00
   1468.750     0.5935     58.998   2.712343     2.9416      8.006 0.0000e+00
   1469.000     0.5934     58.995   2.712334     2.9404      8.007 0.0000e+00
   1469.250     0.5934     58.998   2.712324     2.9406      8.007 0.0000e+00
   1469.500     0.5933     58.992   2.712319     2.9403      8.006 0.0000e+00
   1469.750     0.5933     58.995   2.712321     2.9395      8.006 0.0000e+00
   1470.000     0.5932     59.001   2.712329     2.9402      8.005 0.0000e+00
   1470.250     0.5933     59.001   2.712340     2.9408      8.006 0.0000e+00
   1470.500     0.5933     58.995   2.712349     2.9397      8.006 0.0000e+00
   1470.750     0.5934     59.004   2.712355     2.9416      8.006 0.0000e+00
   1471.000     0.5934     58.995   2.712358     2.9407      8.006 0.0000e+00
   1471.250     0.5935     58.995   2.712363     2.9401      8.006 0.0000e+00
   1471.500     0.5935     58.995   2.712368     2.9404      8.006 0.0000e+00
   1471.750     0.5936     58.995   2.712371     2.9401      8.007 0.0000e+00
   1472.000     0.5937     58.998   2.712370     2.9403      8.007 0.0000e+00
   1472.250     0.5937     58.995   2.712358     2.9413      8.007 0.0000e+00
   1472.500     0.5937     58.989   2.712338     2.9411      8.007 0.0000e+00
   1472.750     0.5936     58.989   2.712306     2.9416      8.006 0.0000e+00
   1473.000     0.5933     58.986   2.712265     2.9406      8.005 0.0000e+00
   1473.250     0.5929     58.998   2.712222     2.9413      8.006 0.0000e+00
   1473.500     0.5925     58.992   2.712184     2.9400      8.006 0.0000e+00
   1473.750     0.5920     58.995   2.712155     2.9407      8.007 0.0000e+00
   1474.000     0.5916     58.992   2.712140     2.9403      8.006 0.0000e+00
   1474.250     0.5913     58.992   2.712134     2.9407      8.006 0.0000e+00
   1474.500     0.5910     58.992   2.712133     2.9407      8.006 0.0000e+00
   1474.750     0.5909     58.986   2.712132     2.9407      8.005 0.0000e+00
   1475.000     0.5908     58.986   2.712128     2.9408      8.005 0.0000e+00
   1475.250     0.5908     58.986   2.712119     2.9406      8.005 0.0000e+00
   1475.500     0.5907     58.983   2.712112     2.9397      8.005 0.0000e+00
   1475.750     0.5906     58.977   2.712104     2.9401      8.005 0.0000e+00
   1476.000     0.5904     58.980   2.712096     2.9404      8.005 0.0000e+00
   1476.250     0.5903     58.983   2.712088     2.9406      8.006 0.0000e+00
   1476.500     0.5902     58.986   2.712080     2.9412      8.007 0.0000e+00
   1476.750     0.5901     58.983   2.712074     2.9403      8.007 0.0000e+00
   1477.000     0.5900     58.989   2.712071     2.9411      8.007 0.0000e+00
   1477.250     0.5900     58.989   2.712069     2.9403      8.008 0.0000e+00
   1477.500     0.5899     58.998   2.712068     2.9409      8.007 0.0000e+00
   1477.750     0.5899     58.992   2.712068     2.9404      8.007 0.0000e+00
   1478.000     0.5899     58.995   2.712068     2.9410      8.007 0.0000e+00
   1478.250     0.5899     58.998   2.712069     2.9402      8.006 0.0000e+00
   1478.500     0.5899     58.992   2.712068     2.9403      8.006 0.0000e+00
   1478.750     0.5899     58.995   2.712062     2.9406      8.006 0.0000e+00
   1479.000     0.5898     58.989   2.712054     2.9399      8.006 0.0000e+00
   1479.250     0.5897     58.989   2.712045     2.9393      8.006 0.0000e+00
   1479.500     0.5896     58.980   2.712040     2.9400      8.006 0.0000e+00
   1479.750     0.5896     58.977   2.712042     2.9404      8.007 0.0000e+00
   1480.000     0.5896     58.971   2.712046     2.9409      8.007 0.0000e+00
   1480.250     0.5896     58.962   2.712052     2.9396      8.008 0.0000e+00
   1480.500     0.5896     58.962   2.712055     2.9400      8.008 0.0000e+00
   1480.750     0.5896     58.952   2.712054     2.9391      8.008 0.0000e+00
   1481.000     0.5896     58.965   2.712049     2.9393      8.007 0.0000e+00
   1481.250     0.5896     58.962   2.712042     2.9397      8.007 0.0000e+00
   1481.500     0.5895     58.962   2.712032     2.9397      8.006 0.0000e+00
   1481.750     0.5894     58.971   2.712025     2.9390      8.006 0.0000e+00
   1482.000     0.5893     58.971   2.712020     2.9392      8.007 0.0000e+00
   1482.250     0.5892     58.971   2.712018     2.9400      8.007 0.0000e+00
   1482.500     0.5892     58.983   2.712016     2.9400      8.006 0.0000e+00
   1482.750     0.5891     58.980   2.712012     2.9401      8.006 0.0000e+00
   1483.000     0.5891     58.986   2.712003     2.9400      8.005 0.0000e+00
   1483.250     0.5890     58.995   2.711993     2.9405      8.006 0.0000e+00
   1483.500     0.5890     58.983   2.711985     2.9401      8.007 0.0000e+00
   1483.750     0.5889     58.989   2.711981     2.9407      8.008 0.0000e+00
   1484.000     0.5888     58.986   2.711982     2.9392      8.008 0.0000e+00
   1484.250     0.5888     58.983   2.711986     2.9387      8.007 0.0000e+00
   1484.500     0.5888     58.986   2.711992     2.9400      8.007 0.0000e+00
   1484.750     0.5888     58.986   2.712001     2.9400      8.006 0.0000e+00
   1485.000     0.5889     58.983   2.712013     2.9387      8.005 0.0000e+00
   1485.250     0.5890     58.989   2.712030     2.9394      8.005 0.0000e+00
   1485.500     0.5891     58.983   2.712051     2.9403      8.005 0.0000e+00
   1485.750     0.5893     58.983   2.712073     2.9396      8.005 0.0000e+00
   1486.000     0.5896     58.992   2.712092     2.9393      8.005 0.0000e+00
   1486.250     0.5899     58.995   2.712103     2.9390      8.005 0.0000e+00
   1486.500     0.5901     58.995   2.712102     2.9393      8.005 0.0000e+00
   1486.750     0.5902     59.004   2.712092     2.9393      8.005 0.0000e+00
