assets/demos/compare_filters/SBE19plus_01908106_2023_06_14_0008_raw_gaussian.cnv
* Sea-Bird SBE19plus  Data File:
* FileName = C:\CTD\202301_162_L2\SBE19plus_01908106_2023_06_14_0008.hex
* Software version 2.8.0.119
* Temperature SN = 8106
* Conductivity SN = 8106
* System UpLoad Time = Jun 14 2023 18:20:02
* <ApplicationData>
* <Seaterm232>
# nquan = 7
# nvalues = 10967                       
# units = specified
# name 1 = timeS: Time, Elapsed [seconds]
# name 2 = tv290C: Temperature [ITS-90, deg C]
# name 3 = prdM: Pressure, Strain Gauge [db]
# name 4 = c0S/m: Conductivity [S/m]
# name 5 = sbeox0V: Oxygen raw, SBE 43 [V]
# name 6 = ph: pH
# name 7 = flag:  0.000e+00
# span 0 =      0.000,   2741.500       
# span 1 =     0.5322,     8.4614       
# span 2 =     -0.180,     59.346       
# span 3 =   0.000127,   3.082325       
# span 4 =     1.9284,     3.4923       
# span 5 =      7.235,      8.328       
# span 6 = 0.0000e+00, 0.0000e+00       
# interval = seconds: 0.25
# start_time = Jun 14 2023 15:22:07 [Instrument's time stamp, header]
# bad_flag = -9.990e-29
*END*
[from data line 8616]
   2154.000     0.5466     58.776   2.708447     2.9381      8.009 0.0000e+00
   2154.250     0.5467     58.779   2.708451     2.9377      8.009 0.0000e+00
   2154.500     0.5467     58.779   2.708456     2.9377      8.010 0.0000e+00
   2154.750     0.5467     58.782   2.708461     2.9375      8.010 0.0000e+00
   2155.000     0.5467     58.785   2.708464     2.9380      8.010 0.0000e+00
   2155.250     0.5468     58.782   2.708464     2.9374      8.010 0.0000e+00
   2155.500     0.5468     58.788   2.708462     2.9380      8.010 0.0000e+00
   2155.750     0.5468     58.782   2.708457     2.9375      8.010 0.0000e+00
   2156.000     0.5468     58.779   2.708449     2.9371      8.010 0.0000e+00
   2156.250     0.5468     58.785   2.708439     2.9390      8.010 0.0000e+00
   2156.500     0.5468     58.794   2.708429     2.9377      8.010 0.0000e+00
   2156.750     0.5467     58.788   2.708420     2.9382      8.010 0.0000e+00
   2157.000     0.5466     58.782   2.708416     2.9397      8.011 0.0000e+00
   2157.250     0.5465     58.785   2.708415     2.9383      8.010 0.0000e+00
   2157.500     0.5464     58.769   2.708416     2.9387      8.010 0.0000e+00
   2157.750     0.5463     58.760   2.708416     2.9376      8.010 0.0000e+00
   2158.000     0.5463     58.757   2.708415     2.9390      8.009 0.0000e+00
   2158.250     0.5463     58.751   2.708415     2.9380      8.009 0.0000e+00
   2158.500     0.5462     58.748   2.708418     2.9365      8.009 0.0000e+00
   2158.750     0.5462     58.745   2.708422     2.9371      8.009 0.0000e+00
   2159.000     0.5463     58.736   2.708425     2.9374      8.009 0.0000e+00
   2159.250     0.5463     58.736   2.708427     2.9377      8.010 0.0000e+00
   2159.500     0.5464     58.733   2.708424     2.9369      8.010 0.0000e+00
   2159.750     0.5464     58.739   2.708420     2.9368      8.011 0.0000e+00
   2160.000     0.5464     58.742   2.708417     2.9359      8.011 0.0000e+00
   2160.250     0.5464     58.745   2.708416     2.9361      8.010 0.0000e+00
   2160.500     0.5464     58.748   2.708417     2.9373      8.010 0.0000e+00
   2160.750     0.5464     58.754   2.708422     2.9362      8.010 0.0000e+00
   2161.000     0.5464     58.760   2.708427     2.9368      8.010 0.0000e+00
   2161.250     0.5464     58.776   2.708432     2.9374      8.009 0.0000e+00
   2161.500     0.5464     58.779   2.708436     2.9370      8.009 0.0000e+00
   2161.750     0.5464     58.785   2.708435     2.9377      8.009 0.0000e+00
   2162.000     0.5464     58.782   2.708433     2.9373      8.009 0.0000e+00
   2162.250     0.5464     58.788   2.708430     2.9361      8.010 0.0000e+00
   2162.500     0.5465     58.785   2.708427     2.9378      8.011 0.0000e+00
   2162.750     0.5465     58.779   2.708426     2.9371      8.010 0.0000e+00
   2163.000     0.5465     58.785   2.708426     2.9367      8.010 0.0000e+00
   2163.250     0.5464     58.782   2.708428     2.9374      8.009 0.0000e+00
   2163.500     0.5464     58.773   2.708430     2.9372      8.010 0.0000e+00
   2163.750     0.5464     58.776   2.708431     2.9368      8.009 0.0000e+00
   2164.000     0.5464     58.776   2.708432     2.9381      8.009 0.0000e+00
   2164.250     0.5465     58.773   2.708433     2.9380      8.009 0.0000e+00
   2164.500     0.5465     58.776   2.708435     2.9374      8.009 0.0000e+00
   2164.750     0.5466     58.766   2.708440     2.9381      8.009 0.0000e+00
   2165.000     0.5466     58.773   2.708445     2.9377      8.010 0.0000e+00
   2165.250     0.5466     58.779   2.708447     2.9377      8.010 0.0000e+00
   2165.500     0.5466     58.779   2.708441     2.9369      8.010 0.0000e+00
   2165.750     0.5466     58.773   2.708429     2.9371      8.010 0.0000e+00
   2166.000     0.5466     58.766   2.708415     2.9374      8.010 0.0000e+00
   2166.250     0.5465     58.766   2.708401     2.9377      8.010 0.0000e+00
   2166.500     0.5464     58.760   2.708393     2.9372      8.010 0.0000e+00
   2166.750     0.5463     58.757   2.708386     2.9366      8.010 0.0000e+00
   2167.000     0.5462     58.757   2.708380     2.9374      8.010 0.0000e+00
   2167.250     0.5462     58.757   2.708368     2.9361      8.010 0.0000e+00
   2167.500     0.5461     58.763   2.708352     2.9364      8.010 0.0000e+00
   2167.750     0.5459     58.754   2.708333     2.9366      8.010 0.0000e+00
   2168.000     0.5458     58.760   2.708318     2.9370      8.009 0.0000e+00
   2168.250     0.5456     58.769   2.708308     2.9363      8.009 0.0000e+00
   2168.500     0.5455     58.766   2.708306     2.9358      8.009 0.0000e+00
   2168.750     0.5453     58.769   2.708306     2.9358      8.009 0.0000e+00
   2169.000     0.5452     58.763   2.708308     2.9364      8.009 0.0000e+00
   2169.250     0.5452     58.773   2.708311     2.9361      8.009 0.0000e+00
   2169.500     0.5452     58.782   2.708319     2.9376      8.009 0.0000e+00
   2169.750     0.5452     58.773   2.708333     2.9362      8.010 0.0000e+00
   2170.000     0.5453     58.782   2.708348     2.9370      8.011 0.0000e+00
   2170.250     0.5454     58.779   2.708359     2.9360      8.011 0.0000e+00
   2170.500     0.5455     58.776   2.708363     2.9366      8.010 0.0000e+00
   2170.750     0.5456     58.773   2.708359     2.9374      8.010 0.0000e+00
   2171.000     0.5457     58.763   2.708352     2.9376      8.010 0.0000e+00
   2171.250     0.5457     58.760   2.708345     2.9369      8.011 0.0000e+00
   2171.500     0.5457     58.757   2.708340     2.9371      8.011 0.0000e+00
   2171.750     0.5456     58.757   2.708339     2.9376      8.011 0.0000e+00
   2172.000     0.5456     58.748   2.708340     2.9371      8.011 0.0000e+00
   2172.250     0.5456     58.742   2.708341     2.9370      8.010 0.0000e+00
   2172.500     0.5455     58.748   2.708340     2.9371      8.010 0.0000e+00
   2172.750     0.5455     58.736   2.708340     2.9364      8.010 0.0000e+00
   2173.000     0.5454     58.748   2.708342     2.9363      8.010 0.0000e+00
   2173.250     0.5454     58.742   2.708347     2.9359      8.011 0.0000e+00
   2173.500     0.5454     58.748   2.708354     2.9363      8.011 0.0000e+00
   2173.750     0.5455     58.751   2.708359     2.9371      8.010 0.0000e+00
   2174.000     0.5455     58.757   2.708360     2.9361      8.010 0.0000e+00
   2174.250     0.5456     58.770   2.708358     2.9362      8.010 0.0000e+00
   2174.500     0.5456     58.766   2.708356     2.9362      8.010 0.0000e+00
   2174.750     0.5457     58.770   2.708356     2.9370      8.011 0.0000e+00
   2175.000     0.5457     58.770   2.708359     2.9360      8.011 0.0000e+00
   2175.250     0.5457     58.770   2.708363     2.9364      8.010 0.0000e+00
   2175.500     0.5457     58.776   2.708367     2.9371      8.010 0.0000e+00
   2175.750     0.5458     58.773   2.708365     2.9358      8.011 0.0000e+00
   2176.000     0.5458     58.776   2.708353     2.9355      8.011 0.0000e+00
   2176.250     0.5457     58.779   2.708336     2.9361      8.011 0.0000e+00
   2176.500     0.5456     58.779   2.708319     2.9364      8.011 0.0000e+00
   2176.750     0.5455     58.766   2.708309     2.9353      8.011 0.0000e+00
   2177.000     0.5454     58.769   2.708308     2.9362      8.011 0.0000e+00
   2177.250     0.5453     58.773   2.708312     2.9358      8.011 0.0000e+00
   2177.500     0.5452     58.766   2.708315     2.9365      8.011 0.0000e+00
   2177.750     0.5452     58.763   2.708317     2.9361      8.011 0.0000e+00
   2178.000     0.5452     58.760   2.708317     2.9348      8.011 0.0000e+00
   2178.250     0.5452     58.751   2.708318     2.9351      8.010 0.0000e+00
   2178.500     0.5452     58.757   2.708320     2.9351      8.010 0.0000e+00
   2178.750     0.5452     58.751   2.708322     2.9355      8.011 0.0000e+00
   2179.000     0.5453     58.745   2.708325     2.9348      8.011 0.0000e+00
   2179.250     0.5453     58.748   2.708328     2.9351      8.011 0.0000e+00
   2179.500     0.5454     58.742   2.708330     2.9363      8.011 0.0000e+00
   2179.750     0.5454     58.739   2.708330     2.9352      8.010 0.0000e+00
   2180.000     0.5454     58.739   2.708324     2.9355      8.010 0.0000e+00
   2180.250     0.5454     58.742   2.708314     2.9370      8.010 0.0000e+00
   2180.500     0.5453     58.736   2.708299     2.9373      8.011 0.0000e+00
   2180.750     0.5452     58.733   2.708280     2.9363      8.011 0.0000e+00
   2181.000     0.5450     58.739   2.708262     2.9373      8.011 0.0000e+00
   2181.250     0.5448     58.742   2.708243     2.9367      8.011 0.0000e+00
   2181.500     0.5446     58.742   2.708225     2.9367      8.011 0.0000e+00
   2181.750     0.5445     58.748   2.708209     2.9373      8.011 0.0000e+00
   2182.000     0.5443     58.751   2.708196     2.9371      8.011 0.0000e+00
   2182.250     0.5441     58.757   2.708186     2.9371      8.010 0.0000e+00
   2182.500     0.5440     58.770   2.708180     2.9380      8.010 0.0000e+00
   2182.750     0.5439     58.770   2.708177     2.9377      8.010 0.0000e+00
   2183.000     0.5438     58.770   2.708175     2.9376      8.010 0.0000e+00
   2183.250     0.5437     58.773   2.708175     2.9374      8.011 0.0000e+00
   2183.500     0.5437     58.770   2.708174     2.9392      8.010 0.0000e+00
   2183.750     0.5437     58.763   2.708173     2.9377      8.010 0.0000e+00
   2184.000     0.5437     58.754   2.708173     2.9375      8.009 0.0000e+00
   2184.250     0.5437     58.751   2.708176     2.9387      8.009 0.0000e+00
   2184.500     0.5437     58.748   2.708179     2.9380      8.010 0.0000e+00
   2184.750     0.5437     58.745   2.708185     2.9384      8.011 0.0000e+00
   2185.000     0.5438     58.748   2.708190     2.9376      8.011 0.0000e+00
   2185.250     0.5438     58.733   2.708196     2.9371      8.010 0.0000e+00
   2185.500     0.5439     58.724   2.708201     2.9383      8.009 0.0000e+00
   2185.750     0.5440     58.727   2.708206     2.9373      8.009 0.0000e+00
   2186.000     0.5440     58.733   2.708208     2.9377      8.009 0.0000e+00
   2186.250     0.5441     58.733   2.708207     2.9380      8.009 0.0000e+00
   2186.500     0.5441     58.724   2.708204     2.9381      8.010 0.0000e+00
   2186.750     0.5441     58.727   2.708201     2.9377      8.010 0.0000e+00
   2187.000     0.5441     58.730   2.708200     2.9377      8.010 0.0000e+00
   2187.250     0.5441     58.736   2.708203     2.9380      8.010 0.0000e+00
   2187.500     0.5441     58.739   2.708210     2.9387      8.010 0.0000e+00
   2187.750     0.5441     58.742   2.708219     2.9385      8.010 0.0000e+00
   2188.000     0.5441     58.742   2.708228     2.9374      8.011 0.0000e+00
   2188.250     0.5442     58.748   2.708232     2.9387      8.010 0.0000e+00
   2188.500     0.5443     58.754   2.708230     2.9374      8.010 0.0000e+00
   2188.750     0.5443     58.760   2.708221     2.9390      8.010 0.0000e+00
   2189.000     0.5443     58.757   2.708214     2.9396      8.010 0.0000e+00
   2189.250     0.5442     58.760   2.708208     2.9371      8.011 0.0000e+00
   2189.500     0.5441     58.763   2.708204     2.9373      8.010 0.0000e+00
   2189.750     0.5441     58.770   2.708195     2.9370      8.010 0.0000e+00
   2190.000     0.5440     58.773   2.708181     2.9386      8.010 0.0000e+00
   2190.250     0.5439     58.779   2.708163     2.9379      8.010 0.0000e+00
   2190.500     0.5437     58.769   2.708149     2.9376      8.010 0.0000e+00
   2190.750     0.5435     58.773   2.708139     2.9375      8.010 0.0000e+00
   2191.000     0.5434     58.779   2.708131     2.9371      8.010 0.0000e+00
   2191.250     0.5432     58.779   2.708120     2.9373      8.009 0.0000e+00
   2191.500     0.5431     58.776   2.708106     2.9376      8.009 0.0000e+00
   2191.750     0.5429     58.773   2.708091     2.9380      8.010 0.0000e+00
   2192.000     0.5428     58.766   2.708080     2.9377      8.010 0.0000e+00
   2192.250     0.5427     58.763   2.708074     2.9371      8.011 0.0000e+00
   2192.500     0.5425     58.763   2.708070     2.9370      8.011 0.0000e+00
   2192.750     0.5424     58.754   2.708066     2.9369      8.011 0.0000e+00
   2193.000     0.5424     58.757   2.708061     2.9370      8.011 0.0000e+00
   2193.250     0.5423     58.760   2.708058     2.9371      8.011 0.0000e+00
   2193.500     0.5423     58.751   2.708057     2.9371      8.010 0.0000e+00
   2193.750     0.5423     58.754   2.708060     2.9376      8.010 0.0000e+00
   2194.000     0.5423     58.751   2.708063     2.9374      8.010 0.0000e+00
   2194.250     0.5423     58.742   2.708067     2.9370      8.010 0.0000e+00
   2194.500     0.5423     58.736   2.708071     2.9376      8.010 0.0000e+00
   2194.750     0.5424     58.739   2.708075     2.9376      8.010 0.0000e+00
   2195.000     0.5424     58.736   2.708079     2.9374      8.010 0.0000e+00
   2195.250     0.5425     58.736   2.708082     2.9377      8.010 0.0000e+00
   2195.500     0.5425     58.730   2.708086     2.9378      8.010 0.0000e+00
   2195.750     0.5426     58.736   2.708089     2.9363      8.010 0.0000e+00
   2196.000     0.5426     58.736   2.708091     2.9369      8.010 0.0000e+00
   2196.250     0.5426     58.736   2.708089     2.9363      8.010 0.0000e+00
   2196.500     0.5426     58.739   2.708086     2.9380      8.009 0.0000e+00
   2196.750     0.5426     58.736   2.708084     2.9377      8.009 0.0000e+00
   2197.000     0.5425     58.730   2.708081     2.9376      8.010 0.0000e+00
   2197.250     0.5424     58.745   2.708079     2.9380      8.010 0.0000e+00
   2197.500     0.5424     58.736   2.708077     2.9377      8.009 0.0000e+00
   2197.750     0.5424     58.742   2.708075     2.9377      8.010 0.0000e+00
   2198.000     0.5424     58.733   2.708077     2.9384      8.010 0.0000e+00
   2198.250     0.5424     58.736   2.708083     2.9374      8.011 0.0000e+00
   2198.500     0.5425     58.739   2.708095     2.9374      8.011 0.0000e+00
   2198.750     0.5425     58.739   2.708108     2.9373      8.011 0.0000e+00
   2199.000     0.5426     58.745   2.708121     2.9377      8.011 0.0000e+00
   2199.250     0.5427     58.736   2.708130     2.9371      8.011 0.0000e+00
   2199.500     0.5428     58.742   2.708136     2.9375      8.010 0.0000e+00
   2199.750     0.5429     58.742   2.708139     2.9366      8.010 0.0000e+00
   2200.000     0.5430     58.745   2.708145     2.9365      8.010 0.0000e+00
   2200.250     0.5432     58.748   2.708153     2.9375      8.011 0.0000e+00
   2200.500     0.5433     58.742   2.708163     2.9374      8.011 0.0000e+00
   2200.750     0.5434     58.748   2.708170     2.9373      8.011 0.0000e+00
   2201.000     0.5435     58.739   2.708173     2.9376      8.011 0.0000e+00
   2201.250     0.5436     58.742   2.708173     2.9368      8.011 0.0000e+00
   2201.500     0.5436     58.733   2.708171     2.9371      8.011 0.0000e+00
   2201.750     0.5437     58.727   2.708164     2.9381      8.010 0.0000e+00
   2202.000     0.5436     58.715   2.708156     2.9371      8.010 0.0000e+00
   2202.250     0.5435     58.721   2.708144     2.9371      8.011 0.0000e+00
   2202.500     0.5434     58.718   2.708132     2.9373      8.011 0.0000e+00
   2202.750     0.5433     58.712   2.708118     2.9371      8.011 0.0000e+00
   2203.000     0.5432     58.712   2.708107     2.9366      8.010 0.0000e+00
   2203.250     0.5431     58.706   2.708097     2.9377      8.010 0.0000e+00
   2203.500     0.5430     58.712   2.708091     2.9370      8.009 0.0000e+00
   2203.750     0.5429     58.709   2.708087     2.9369      8.009 0.0000e+00
   2204.000     0.5428     58.706   2.708086     2.9371      8.009 0.0000e+00
   2204.250     0.5427     58.715   2.708086     2.9368      8.010 0.0000e+00
   2204.500     0.5427     58.712   2.708087     2.9374      8.010 0.0000e+00
   2204.750     0.5426     58.718   2.708072     2.9368      8.010 0.0000e+00
