assets/demos/compare_filters/SBE19plus_01908106_2023_06_14_0008_raw_median.cnv
* Sea-Bird SBE19plus  Data File:
* FileName = C:\CTD\202301_162_L2\SBE19plus_01908106_2023_06_14_0008.hex
* Software version 2.8.0.119
* Temperature SN = 8106
* Conductivity SN = 8106
* System UpLoad Time = Jun 14 2023 18:20:02
* <ApplicationData>
* <Seaterm232>
# nquan = 7
# nvalues = 10967                       
# units = specified
# name 1 = timeS: Time, Elapsed [seconds]
# name 2 = tv290C: Temperature [ITS-90, deg C]
# name 3 = prdM: Pressure, Strain Gauge [db]
# name 4 = c0S/m: Conductivity [S/m]
# name 5 = sbeox0V: Oxygen raw, SBE 43 [V]
# name 6 = ph: pH
# name 7 = flag:  0.000e+00
# span 0 =      0.000,   2741.500       
# span 1 =     0.5322,     8.4612       
# span 2 =     -0.180,     59.346       
# span 3 =   0.000127,   3.081833       
# span 4 =     1.9284,     3.4923       
# span 5 =      7.246,      8.328       
# span 6 = 0.0000e+00, 0.0000e+00       
# interval = seconds: 0.25
# start_time = Jun 14 2023 15:22:07 [Instrument's time stamp, header]
# bad_flag = -9.990e-29
*END*
[from data line 616]
    154.000     5.1627      0.726   3.060111     3.4427      8.293 0.0000e+00
    154.250     5.1625      0.656   3.059973     3.4434      8.293 0.0000e+00
    154.500     5.1620      0.623   3.059816     3.4427      8.293 0.0000e+00
    154.750     5.1619      0.574   3.059791     3.4429      8.293 0.0000e+00
    155.000     5.1607      0.547   3.059678     3.4428      8.293 0.0000e+00
    155.250     5.1591      0.553   3.059566     3.4415      8.293 0.0000e+00
    155.500     5.1570      0.526   3.059566     3.4408      8.293 0.0000e+00
    155.750     5.1561      0.532   3.059566     3.4404      8.292 0.0000e+00
    156.000     5.1561      0.538   3.059566     3.4403      8.293 0.0000e+00
    156.250     5.1561      0.541   3.059704     3.4394      8.293 0.0000e+00
    156.500     5.1573      0.562   3.059704     3.4404      8.292 0.0000e+00
    156.750     5.1600      0.599   3.059704     3.4405      8.293 0.0000e+00
    157.000     5.1600      0.629   3.059704     3.4402      8.293 0.0000e+00
    157.250     5.1600      0.644   3.058286     3.4395      8.293 0.0000e+00
    157.500     5.1531      0.669   3.058243     3.4405      8.293 0.0000e+00
    157.750     5.1451      0.675   3.058243     3.4401      8.293 0.0000e+00
    158.000     5.1382      0.653   3.058243     3.4398      8.293 0.0000e+00
    158.250     5.1382      0.638   3.058243     3.4396      8.293 0.0000e+00
    158.500     5.1382      0.596   3.059522     3.4405      8.293 0.0000e+00
    158.750     5.1438      0.565   3.060613     3.4406      8.293 0.0000e+00
    159.000     5.1541      0.507   3.060908     3.4413      8.294 0.0000e+00
    159.250     5.1621      0.459   3.060908     3.4429      8.294 0.0000e+00
    159.500     5.1703      0.404   3.060908     3.4433      8.294 0.0000e+00
    159.750     5.1737      0.355   3.060908     3.4429      8.293 0.0000e+00
    160.000     5.1737      0.337   3.060569     3.4437      8.293 0.0000e+00
    160.250     5.1737      0.343   3.060387     3.4428      8.293 0.0000e+00
    160.500     5.1698      0.331   3.059271     3.4437      8.293 0.0000e+00
    160.750     5.1633      0.331   3.057540     3.4421      8.293 0.0000e+00
    161.000     5.1502      0.349   3.057540     3.4415      8.292 0.0000e+00
    161.250     5.1386      0.401   3.057540     3.4419      8.292 0.0000e+00
    161.500     5.1380      0.435   3.057540     3.4409      8.292 0.0000e+00
    161.750     5.1380      0.468   3.058174     3.4403      8.292 0.0000e+00
    162.000     5.1380      0.474   3.058493     3.4408      8.292 0.0000e+00
    162.250     5.1421      0.480   3.058587     3.4406      8.292 0.0000e+00
    162.500     5.1422      0.477   3.058857     3.4411      8.293 0.0000e+00
    162.750     5.1429      0.462   3.060023     3.4409      8.293 0.0000e+00
    163.000     5.1495      0.419   3.060067     3.4418      8.293 0.0000e+00
    163.250     5.1560      0.346   3.060820     3.4418      8.293 0.0000e+00
    163.500     5.1619      0.301   3.061547     3.4439      8.293 0.0000e+00
    163.750     5.1693      0.261   3.061547     3.4436      8.292 0.0000e+00
    164.000     5.1745      0.234   3.061547     3.4439      8.292 0.0000e+00
    164.250     5.1777      0.225   3.061547     3.4442      8.292 0.0000e+00
    164.500     5.1784      0.249   3.061478     3.4441      8.292 0.0000e+00
    164.750     5.1784      0.264   3.061434     3.4438      8.292 0.0000e+00
    165.000     5.1784      0.301   3.061183     3.4427      8.292 0.0000e+00
    165.250     5.1771      0.322   3.061027     3.4414      8.292 0.0000e+00
    165.500     5.1737      0.343   3.061027     3.4416      8.292 0.0000e+00
    165.750     5.1706      0.362   3.061027     3.4401      8.292 0.0000e+00
    166.000     5.1706      0.346   3.061027     3.4405      8.293 0.0000e+00
    166.250     5.1706      0.328   3.061184     3.4398      8.293 0.0000e+00
    166.500     5.1722      0.307   3.061478     3.4401      8.293 0.0000e+00
    166.750     5.1749      0.276   3.061478     3.4399      8.293 0.0000e+00
    167.000     5.1785      0.286   3.061591     3.4397      8.293 0.0000e+00
    167.250     5.1785      0.277   3.061641     3.4385      8.292 0.0000e+00
    167.500     5.1785      0.280   3.061641     3.4402      8.293 0.0000e+00
    167.750     5.1789      0.267   3.061641     3.4411      8.293 0.0000e+00
    168.000     5.1789      0.261   3.061641     3.4403      8.293 0.0000e+00
    168.250     5.1789      0.258   3.061660     3.4412      8.293 0.0000e+00
    168.500     5.1792      0.277   3.061729     3.4406      8.293 0.0000e+00
    168.750     5.1797      0.280   3.061842     3.4405      8.293 0.0000e+00
    169.000     5.1805      0.292   3.061936     3.4406      8.293 0.0000e+00
    169.250     5.1815      0.286   3.061936     3.4386      8.294 0.0000e+00
    169.500     5.1831      0.298   3.061936     3.4402      8.293 0.0000e+00
    169.750     5.1831      0.346   3.061936     3.4404      8.293 0.0000e+00
    170.000     5.1831      0.340   3.061911     3.4392      8.294 0.0000e+00
    170.250     5.1829      0.377   3.061911     3.4399      8.293 0.0000e+00
    170.500     5.1825      0.346   3.061710     3.4392      8.293 0.0000e+00
    170.750     5.1824      0.334   3.061296     3.4388      8.294 0.0000e+00
    171.000     5.1803      0.328   3.061278     3.4396      8.294 0.0000e+00
    171.250     5.1780      0.331   3.061252     3.4388      8.293 0.0000e+00
    171.500     5.1766      0.316   3.060820     3.4368      8.293 0.0000e+00
    171.750     5.1744      0.301   3.060657     3.4378      8.293 0.0000e+00
    172.000     5.1719      0.276   3.060657     3.4371      8.293 0.0000e+00
    172.250     5.1677      0.240   3.060657     3.4376      8.293 0.0000e+00
    172.500     5.1674      0.207   3.060569     3.4388      8.293 0.0000e+00
    172.750     5.1674      0.182   3.060274     3.4387      8.293 0.0000e+00
    173.000     5.1671      0.179   3.060274     3.4383      8.293 0.0000e+00
    173.250     5.1671      0.194   3.060274     3.4369      8.293 0.0000e+00
    173.500     5.1671      0.194   3.059791     3.4385      8.293 0.0000e+00
    173.750     5.1640      0.204   3.059791     3.4368      8.293 0.0000e+00
    174.000     5.1609      0.213   3.059791     3.4378      8.293 0.0000e+00
    174.250     5.1591      0.222   3.059791     3.4375      8.293 0.0000e+00
    174.500     5.1590      0.213   3.059772     3.4366      8.293 0.0000e+00
    174.750     5.1590      0.204   3.059791     3.4369      8.293 0.0000e+00
    175.000     5.1590      0.222   3.059791     3.4365      8.293 0.0000e+00
    175.250     5.1595      0.228   3.059791     3.4375      8.293 0.0000e+00
    175.500     5.1595      0.225   3.059772     3.4364      8.294 0.0000e+00
    175.750     5.1595      0.228   3.059246     3.4373      8.292 0.0000e+00
    176.000     5.1579      0.194   3.058424     3.4364      8.293 0.0000e+00
    176.250     5.1520      0.179   3.058424     3.4379      8.293 0.0000e+00
    176.500     5.1461      0.158   3.058337     3.4361      8.292 0.0000e+00
    176.750     5.1424      0.158   3.058155     3.4359      8.292 0.0000e+00
    177.000     5.1424      0.179   3.058155     3.4360      8.293 0.0000e+00
    177.250     5.1423      0.194   3.058173     3.4361      8.292 0.0000e+00
    177.500     5.1423      0.197   3.058337     3.4369      8.293 0.0000e+00
    177.750     5.1423      0.210   3.058337     3.4359      8.293 0.0000e+00
    178.000     5.1423      0.185   3.058337     3.4376      8.293 0.0000e+00
    178.250     5.1423      0.176   3.058405     3.4376      8.293 0.0000e+00
    178.500     5.1425      0.158   3.058518     3.4372      8.293 0.0000e+00
    178.750     5.1436      0.158   3.058857     3.4393      8.293 0.0000e+00
    179.000     5.1455      0.128   3.058926     3.4388      8.293 0.0000e+00
    179.250     5.1476      0.128   3.058995     3.4384      8.293 0.0000e+00
    179.500     5.1487      0.188   3.059020     3.4392      8.293 0.0000e+00
    179.750     5.1495      0.198   3.059089     3.4396      8.293 0.0000e+00
    180.000     5.1504      0.222   3.059202     3.4387      8.293 0.0000e+00
    180.250     5.1514      0.191   3.059359     3.4394      8.293 0.0000e+00
    180.500     5.1527      0.191   3.059471     3.4405      8.293 0.0000e+00
    180.750     5.1540      0.182   3.059522     3.4391      8.293 0.0000e+00
    181.000     5.1548      0.155   3.059540     3.4398      8.293 0.0000e+00
    181.250     5.1556      0.167   3.059591     3.4393      8.293 0.0000e+00
    181.500     5.1562      0.176   3.059634     3.4401      8.293 0.0000e+00
    181.750     5.1567      0.179   3.059772     3.4380      8.293 0.0000e+00
    182.000     5.1576      0.173   3.059791     3.4405      8.293 0.0000e+00
    182.250     5.1584      0.155   3.059791     3.4392      8.293 0.0000e+00
    182.500     5.1589      0.134   3.059791     3.4379      8.293 0.0000e+00
    182.750     5.1589      0.146   3.059791     3.4382      8.293 0.0000e+00
    183.000     5.1589      0.155   3.059609     3.4383      8.293 0.0000e+00
    183.250     5.1586      0.164   3.059522     3.4376      8.292 0.0000e+00
    183.500     5.1574      0.170   3.059522     3.4369      8.292 0.0000e+00
    183.750     5.1565      0.179   3.059522     3.4378      8.292 0.0000e+00
    184.000     5.1565      0.195   3.059522     3.4375      8.292 0.0000e+00
    184.250     5.1565      0.201   3.059722     3.4385      8.292 0.0000e+00
    184.500     5.1570      0.191   3.059772     3.4381      8.293 0.0000e+00
    184.750     5.1579      0.188   3.059791     3.4382      8.293 0.0000e+00
    185.000     5.1587      0.204   3.059791     3.4384      8.293 0.0000e+00
    185.250     5.1596      0.216   3.059791     3.4389      8.293 0.0000e+00
    185.500     5.1599      0.234   3.059791     3.4386      8.293 0.0000e+00
    185.750     5.1599      0.271   3.059791     3.4381      8.293 0.0000e+00
    186.000     5.1599      0.295   3.059772     3.4388      8.293 0.0000e+00
    186.250     5.1596      0.310   3.059634     3.4385      8.293 0.0000e+00
    186.500     5.1587      0.328   3.059566     3.4381      8.293 0.0000e+00
    186.750     5.1576      0.328   3.059522     3.4385      8.293 0.0000e+00
    187.000     5.1569      0.319   3.059434     3.4378      8.292 0.0000e+00
    187.250     5.1562      0.310   3.059434     3.4372      8.292 0.0000e+00
    187.500     5.1555      0.331   3.059428     3.4382      8.292 0.0000e+00
    187.750     5.1554      0.340   3.059402     3.4375      8.292 0.0000e+00
    188.000     5.1553      0.356   3.059359     3.4374      8.292 0.0000e+00
    188.250     5.1552      0.371   3.059359     3.4374      8.292 0.0000e+00
    188.500     5.1552      0.398   3.059315     3.4385      8.293 0.0000e+00
    188.750     5.1548      0.429   3.059290     3.4374      8.292 0.0000e+00
    189.000     5.1542      0.462   3.059202     3.4374      8.292 0.0000e+00
    189.250     5.1537      0.496   3.058744     3.4381      8.292 0.0000e+00
    189.500     5.1513      0.523   3.058406     3.4378      8.293 0.0000e+00
    189.750     5.1482      0.550   3.058406     3.4381      8.292 0.0000e+00
    190.000     5.1459      0.569   3.057540     3.4381      8.292 0.0000e+00
    190.250     5.1413      0.572   3.057108     3.4381      8.292 0.0000e+00
    190.500     5.1341      0.584   3.057108     3.4388      8.292 0.0000e+00
    190.750     5.1282      0.602   3.057039     3.4386      8.292 0.0000e+00
    191.000     5.1282      0.614   3.056832     3.4373      8.294 0.0000e+00
    191.250     5.1282      0.645   3.056832     3.4388      8.294 0.0000e+00
    191.500     5.1280      0.690   3.056832     3.4392      8.294 0.0000e+00
    191.750     5.1280      0.748   3.056832     3.4385      8.294 0.0000e+00
    192.000     5.1280      0.791   3.056305     3.4381      8.294 0.0000e+00
    192.250     5.1251      0.870   3.056243     3.4391      8.294 0.0000e+00
    192.500     5.1225      0.918   3.056193     3.4387      8.294 0.0000e+00
    192.750     5.1208      0.982   3.056174     3.4382      8.294 0.0000e+00
    193.000     5.1200      1.000   3.055873     3.4381      8.294 0.0000e+00
    193.250     5.1183      1.046   3.055873     3.4401      8.295 0.0000e+00
    193.500     5.1114      1.088   3.055873     3.4402      8.295 0.0000e+00
    193.750     5.1114      1.104   3.055873     3.4394      8.294 0.0000e+00
    194.000     5.1114      1.122   3.055466     3.4401      8.294 0.0000e+00
    194.250     5.1129      1.143   3.055466     3.4394      8.294 0.0000e+00
    194.500     5.1147      1.158   3.055466     3.4410      8.293 0.0000e+00
    194.750     5.1147      1.195   3.055692     3.4399      8.293 0.0000e+00
    195.000     5.1147      1.222   3.055692     3.4408      8.293 0.0000e+00
    195.250     5.1098      1.271   3.055692     3.4408      8.293 0.0000e+00
    195.500     5.1098      1.350   3.055692     3.4395      8.293 0.0000e+00
    195.750     5.1098      1.420   3.055692     3.4399      8.293 0.0000e+00
    196.000     5.1146      1.478   3.055692     3.4401      8.293 0.0000e+00
    196.250     5.1199      1.520   3.055692     3.4406      8.292 0.0000e+00
    196.500     5.1199      1.575   3.055259     3.4401      8.292 0.0000e+00
    196.750     5.1199      1.605   3.055128     3.4399      8.293 0.0000e+00
    197.000     5.0980      1.654   3.054877     3.4394      8.293 0.0000e+00
    197.250     5.0792      1.672   3.054877     3.4381      8.292 0.0000e+00
    197.500     5.0792      1.678   3.054877     3.4369      8.293 0.0000e+00
    197.750     5.0792      1.690   3.055128     3.4385      8.294 0.0000e+00
    198.000     5.0921      1.706   3.055943     3.4386      8.295 0.0000e+00
    198.250     5.1019      1.684   3.056375     3.4386      8.295 0.0000e+00
    198.500     5.1111      1.672   3.057334     3.4398      8.295 0.0000e+00
    198.750     5.1200      1.709   3.057905     3.4401      8.294 0.0000e+00
    199.000     5.1280      1.736   3.058287     3.4411      8.294 0.0000e+00
    199.250     5.1345      1.751   3.058607     3.4419      8.292 0.0000e+00
    199.500     5.1404      1.742   3.058745     3.4432      8.293 0.0000e+00
    199.750     5.1443      1.703   3.058788     3.4432      8.293 0.0000e+00
    200.000     5.1455      1.669   3.059089     3.4426      8.293 0.0000e+00
    200.250     5.1478      1.721   3.059177     3.4437      8.293 0.0000e+00
    200.500     5.1504      1.703   3.059177     3.4420      8.293 0.0000e+00
    200.750     5.1531      1.724   3.059177     3.4437      8.293 0.0000e+00
    201.000     5.1531      1.700   3.059177     3.4434      8.293 0.0000e+00
    201.250     5.1531      1.675   3.058995     3.4436      8.294 0.0000e+00
    201.500     5.1527      1.621   3.058675     3.4439      8.294 0.0000e+00
    201.750     5.1506      1.566   3.058268     3.4439      8.293 0.0000e+00
    202.000     5.1468      1.523   3.057541     3.4437      8.293 0.0000e+00
    202.250     5.1419      1.490   3.057221     3.4417      8.293 0.0000e+00
    202.500     5.1364      1.472   3.056036     3.4421      8.293 0.0000e+00
    202.750     5.1284      1.456   3.055309     3.4410      8.293 0.0000e+00
    203.000     5.1199      1.459   3.054808     3.4416      8.293 0.0000e+00
    203.250     5.1127      1.453   3.054783     3.4404      8.293 0.0000e+00
    203.500     5.1027      1.466   3.054281     3.4406      8.293 0.0000e+00
    203.750     5.0976      1.481   3.053874     3.4395      8.293 0.0000e+00
    204.000     5.0968      1.508   3.053874     3.4399      8.293 0.0000e+00
    204.250     5.0946      1.551   3.054281     3.4392      8.293 0.0000e+00
    204.500     5.0953      1.590   3.054307     3.4392      8.293 0.0000e+00
    204.750     5.0968      1.630   3.054350     3.4385      8.294 0.0000e+00
