assets/demos/compare_filters/SBE19plus_01908106_2023_06_14_0008_raw_boxcar.cnv
* Sea-Bird SBE19plus  Data File:
* FileName = C:\CTD\202301_162_L2\SBE19plus_01908106_2023_06_14_0008.hex
* Software version 2.8.0.119
* Temperature SN = 8106
* Conductivity SN = 8106
* System UpLoad Time = Jun 14 2023 18:20:02
* <ApplicationData>
* <Seaterm232>
# nquan = 7
# nvalues = 10967                       
# units = specified
# name 1 = timeS: Time, Elapsed [seconds]
# name 2 = tv290C: Temperature [ITS-90, deg C]
# name 3 = prdM: Pressure, Strain Gauge [db]
# name 4 = c0S/m: Conductivity [S/m]
# name 5 = sbeox0V: Oxygen raw, SBE 43 [V]
# name 6 = ph: pH
# name 7 = flag:  0.000e+00
# span 0 =      0.000,   2741.500       
# span 1 =     0.5322,     8.4614       
# span 2 =     -0.180,     59.346       
# span 3 =   0.000127,   3.081936       
# span 4 =     1.9284,     3.4923       
# span 5 =      7.239,      8.328       
# span 6 = 0.0000e+00, 0.0000e+00       
# interval = seconds: 0.25
# start_time = Jun 14 2023 15:22:07 [Instrument's time stamp, header]
# bad_flag = -9.990e-29
*END*
[from data line 411]
    102.750     5.1842      0.197   3.062157     3.2592      8.294 0.0000e+00
    103.000     5.1848      0.221   3.062251     3.2615      8.293 0.0000e+00
    103.250     5.1854      0.230   3.062309     3.2641      8.293 0.0000e+00
    103.500     5.1859      0.264   3.062352     3.2680      8.294 0.0000e+00
    103.750     5.1863      0.285   3.062388     3.2740      8.293 0.0000e+00
    104.000     5.1868      0.303   3.062411     3.2786      8.294 0.0000e+00
    104.250     5.1875      0.309   3.062434     3.2811      8.293 0.0000e+00
    104.500     5.1882      0.313   3.062438     3.2833      8.293 0.0000e+00
    104.750     5.1889      0.276   3.062438     3.2840      8.293 0.0000e+00
    105.000     5.1895      0.237   3.062451     3.2850      8.294 0.0000e+00
    105.250     5.1901      0.215   3.062480     3.2834      8.293 0.0000e+00
    105.500     5.1904      0.200   3.062506     3.2798      8.293 0.0000e+00
    105.750     5.1905      0.206   3.062532     3.2748      8.293 0.0000e+00
    106.000     5.1906      0.215   3.062555     3.2734      8.293 0.0000e+00
    106.250     5.1906      0.227   3.062551     3.2717      8.293 0.0000e+00
    106.500     5.1904      0.237   3.062489     3.2713      8.293 0.0000e+00
    106.750     5.1898      0.264   3.062358     3.2725      8.293 0.0000e+00
    107.000     5.1889      0.288   3.062170     3.2738      8.293 0.0000e+00
    107.250     5.1876      0.297   3.061955     3.2752      8.293 0.0000e+00
    107.500     5.1858      0.288   3.061740     3.2769      8.292 0.0000e+00
    107.750     5.1838      0.243   3.061528     3.2771      8.293 0.0000e+00
    108.000     5.1817      0.203   3.061333     3.2757      8.293 0.0000e+00
    108.250     5.1796      0.170   3.061173     3.2732      8.292 0.0000e+00
    108.500     5.1777      0.176   3.061089     3.2708      8.293 0.0000e+00
    108.750     5.1762      0.203   3.061060     3.2677      8.292 0.0000e+00
    109.000     5.1751      0.215   3.061060     3.2665      8.292 0.0000e+00
    109.250     5.1745      0.212   3.061070     3.2651      8.293 0.0000e+00
    109.500     5.1742      0.218   3.061092     3.2634      8.293 0.0000e+00
    109.750     5.1743      0.224   3.061141     3.2632      8.293 0.0000e+00
    110.000     5.1745      0.215   3.061223     3.2661      8.293 0.0000e+00
    110.250     5.1749      0.227   3.061307     3.2683      8.294 0.0000e+00
    110.500     5.1753      0.249   3.061372     3.2700      8.295 0.0000e+00
    110.750     5.1756      0.270   3.061424     3.2723      8.295 0.0000e+00
    111.000     5.1759      0.288   3.061464     3.2746      8.295 0.0000e+00
    111.250     5.1761      0.313   3.061490     3.2741      8.295 0.0000e+00
    111.500     5.1765      0.322   3.061496     3.2731      8.295 0.0000e+00
    111.750     5.1768      0.325   3.061486     3.2705      8.295 0.0000e+00
    112.000     5.1772      0.328   3.061470     3.2676      8.295 0.0000e+00
    112.250     5.1776      0.303   3.061535     3.2631      8.295 0.0000e+00
    112.500     5.1778      0.258   3.061662     3.2589      8.295 0.0000e+00
    112.750     5.1780      0.237   3.061815     3.2536      8.293 0.0000e+00
    113.000     5.1781      0.224   3.061942     3.2472      8.293 0.0000e+00
    113.250     5.1783      0.227   3.062024     3.2410      8.292 0.0000e+00
    113.500     5.1788      0.258   3.062050     3.2353      8.292 0.0000e+00
    113.750     5.1795      0.291   3.062053     3.2316      8.292 0.0000e+00
    114.000     5.1802      0.306   3.061975     3.2280      8.292 0.0000e+00
    114.250     5.1809      0.313   3.061842     3.2252      8.292 0.0000e+00
    114.500     5.1813      0.291   3.061691     3.2241      8.293 0.0000e+00
    114.750     5.1812      0.237   3.061558     3.2225      8.293 0.0000e+00
    115.000     5.1809      0.167   3.061476     3.2197      8.293 0.0000e+00
    115.250     5.1805      0.133   3.061411     3.2191      8.294 0.0000e+00
    115.500     5.1801      0.188   3.061329     3.2179      8.293 0.0000e+00
    115.750     5.1796      0.124   3.061232     3.2145      8.293 0.0000e+00
    116.000     5.1789      0.109   3.061108     3.2166      8.293 0.0000e+00
    116.250     5.1778      0.072   3.060955     3.2191      8.293 0.0000e+00
    116.500     5.1763      0.066   3.060812     3.2231      8.292 0.0000e+00
    116.750     5.1744      0.082   3.060656     3.2305      8.293 0.0000e+00
    117.000     5.1727      0.118   3.060624     3.2387      8.294 0.0000e+00
    117.250     5.1710      0.142   3.060565     3.2473      8.293 0.0000e+00
    117.500     5.1694      0.085   3.060432     3.2553      8.293 0.0000e+00
    117.750     5.1680      0.079   3.060279     3.2635      8.293 0.0000e+00
    118.000     5.1666      0.133   3.060145     3.2706      8.293 0.0000e+00
    118.250     5.1648      0.139   3.060002     3.2779      8.293 0.0000e+00
    118.500     5.1630      0.121   3.059867     3.2842      8.293 0.0000e+00
    118.750     5.1612      0.103   3.059642     3.2879      8.293 0.0000e+00
    119.000     5.1594      0.094   3.059485     3.2927      8.293 0.0000e+00
    119.250     5.1578      0.106   3.059501     3.2934      8.293 0.0000e+00
    119.500     5.1565      0.088   3.059635     3.2934      8.293 0.0000e+00
    119.750     5.1556      0.085   3.059730     3.2910      8.293 0.0000e+00
    120.000     5.1548      0.106   3.059779     3.2876      8.293 0.0000e+00
    120.250     5.1543      0.164   3.059787     3.2850      8.293 0.0000e+00
    120.500     5.1540      0.218   3.059774     3.2834      8.293 0.0000e+00
    120.750     5.1538      0.252   3.059752     3.2819      8.293 0.0000e+00
    121.000     5.1536      0.285   3.059658     3.2791      8.293 0.0000e+00
    121.250     5.1535      0.291   3.059495     3.2779      8.293 0.0000e+00
    121.500     5.1534      0.276   3.059361     3.2758      8.293 0.0000e+00
    121.750     5.1531      0.252   3.059276     3.2733      8.293 0.0000e+00
    122.000     5.1528      0.246   3.059227     3.2706      8.293 0.0000e+00
    122.250     5.1525      0.225   3.059224     3.2649      8.293 0.0000e+00
    122.500     5.1523      0.203   3.059240     3.2607      8.294 0.0000e+00
    122.750     5.1524      0.191   3.059258     3.2533      8.294 0.0000e+00
    123.000     5.1528      0.167   3.059294     3.2472      8.293 0.0000e+00
    123.250     5.1534      0.188   3.059366     3.2396      8.293 0.0000e+00
    123.500     5.1544      0.221   3.059453     3.2371      8.292 0.0000e+00
    123.750     5.1555      0.200   3.059567     3.2364      8.292 0.0000e+00
    124.000     5.1567      0.194   3.059710     3.2370      8.292 0.0000e+00
    124.250     5.1580      0.194   3.059856     3.2381      8.293 0.0000e+00
    124.500     5.1591      0.185   3.060013     3.2386      8.293 0.0000e+00
    124.750     5.1601      0.179   3.060154     3.2386      8.293 0.0000e+00
    125.000     5.1610      0.197   3.060268     3.2384      8.293 0.0000e+00
    125.250     5.1620      0.197   3.060340     3.2381      8.294 0.0000e+00
    125.500     5.1629      0.203   3.060375     3.2376      8.293 0.0000e+00
    125.750     5.1638      0.224   3.060349     3.2364      8.293 0.0000e+00
    126.000     5.1646      0.231   3.060297     3.2344      8.293 0.0000e+00
    126.250     5.1652      0.237   3.060226     3.2335      8.292 0.0000e+00
    126.500     5.1655      0.221   3.060128     3.2320      8.292 0.0000e+00
    126.750     5.1655      0.203   3.059959     3.2289      8.292 0.0000e+00
    127.000     5.1653      0.191   3.059839     3.2266      8.293 0.0000e+00
    127.250     5.1650      0.182   3.059722     3.2251      8.293 0.0000e+00
    127.500     5.1646      0.170   3.059631     3.2202      8.293 0.0000e+00
    127.750     5.1642      0.167   3.059569     3.2183      8.293 0.0000e+00
    128.000     5.1638      0.167   3.059517     3.2158      8.294 0.0000e+00
    128.250     5.1634      0.182   3.059497     3.2151      8.293 0.0000e+00
    128.500     5.1631      0.200   3.059555     3.2158      8.294 0.0000e+00
    128.750     5.1628      0.225   3.059552     3.2191      8.293 0.0000e+00
    129.000     5.1626      0.246   3.059659     3.2233      8.293 0.0000e+00
    129.250     5.1625      0.288   3.059777     3.2267      8.293 0.0000e+00
    129.500     5.1627      0.316   3.059878     3.2339      8.292 0.0000e+00
    129.750     5.1630      0.334   3.059979     3.2375      8.292 0.0000e+00
    130.000     5.1635      0.349   3.060161     3.2390      8.292 0.0000e+00
    130.250     5.1646      0.355   3.060288     3.2390      8.293 0.0000e+00
    130.500     5.1660      0.334   3.060464     3.2407      8.293 0.0000e+00
    130.750     5.1672      0.291   3.060441     3.2447      8.294 0.0000e+00
    131.000     5.1683      0.270   3.060506     3.2523      8.294 0.0000e+00
    131.250     5.1690      0.228   3.060529     3.2612      8.294 0.0000e+00
    131.500     5.1690      0.209   3.060565     3.2715      8.293 0.0000e+00
    131.750     5.1686      0.225   3.060503     3.2834      8.293 0.0000e+00
    132.000     5.1681      0.237   3.060467     3.2953      8.292 0.0000e+00
    132.250     5.1676      0.270   3.060399     3.3059      8.292 0.0000e+00
    132.500     5.1671      0.331   3.060441     3.3184      8.292 0.0000e+00
    132.750     5.1665      0.392   3.060453     3.3297      8.292 0.0000e+00
    133.000     5.1658      0.437   3.060487     3.3375      8.293 0.0000e+00
    133.250     5.1655      0.483   3.060567     3.3458      8.294 0.0000e+00
    133.500     5.1656      0.498   3.060691     3.3553      8.293 0.0000e+00
    133.750     5.1663      0.465   3.060828     3.3626      8.293 0.0000e+00
    134.000     5.1677      0.453   3.060932     3.3705      8.293 0.0000e+00
    134.250     5.1695      0.446   3.060991     3.3780      8.292 0.0000e+00
    134.500     5.1709      0.404   3.060955     3.3841      8.292 0.0000e+00
    134.750     5.1715      0.352   3.060922     3.3898      8.292 0.0000e+00
    135.000     5.1713      0.331   3.060822     3.3943      8.292 0.0000e+00
    135.250     5.1703      0.349   3.060678     3.3997      8.292 0.0000e+00
    135.500     5.1688      0.380   3.060541     3.4016      8.292 0.0000e+00
    135.750     5.1674      0.422   3.060461     3.4051      8.292 0.0000e+00
    136.000     5.1662      0.459   3.060431     3.4066      8.292 0.0000e+00
    136.250     5.1654      0.495   3.060431     3.4102      8.292 0.0000e+00
    136.500     5.1648      0.538   3.060461     3.4121      8.293 0.0000e+00
    136.750     5.1646      0.574   3.060522     3.4141      8.293 0.0000e+00
    137.000     5.1647      0.586   3.060666     3.4148      8.293 0.0000e+00
    137.250     5.1653      0.589   3.060793     3.4165      8.294 0.0000e+00
    137.500     5.1667      0.574   3.060867     3.4181      8.293 0.0000e+00
    137.750     5.1684      0.556   3.060887     3.4183      8.293 0.0000e+00
    138.000     5.1698      0.535   3.060849     3.4202      8.293 0.0000e+00
    138.250     5.1705      0.498   3.060780     3.4225      8.292 0.0000e+00
    138.500     5.1704      0.474   3.060676     3.4234      8.292 0.0000e+00
    138.750     5.1691      0.446   3.060513     3.4228      8.292 0.0000e+00
    139.000     5.1672      0.459   3.060438     3.4247      8.292 0.0000e+00
    139.250     5.1654      0.498   3.060497     3.4255      8.293 0.0000e+00
    139.500     5.1644      0.510   3.060615     3.4260      8.293 0.0000e+00
    139.750     5.1647      0.538   3.060784     3.4263      8.294 0.0000e+00
    140.000     5.1662      0.568   3.060966     3.4277      8.294 0.0000e+00
    140.250     5.1684      0.611   3.061087     3.4277      8.294 0.0000e+00
    140.500     5.1709      0.644   3.061155     3.4270      8.293 0.0000e+00
    140.750     5.1728      0.672   3.061296     3.4279      8.293 0.0000e+00
    141.000     5.1735      0.699   3.061358     3.4296      8.293 0.0000e+00
    141.250     5.1739      0.711   3.061253     3.4303      8.292 0.0000e+00
    141.500     5.1743      0.720   3.061040     3.4301      8.293 0.0000e+00
    141.750     5.1740      0.711   3.060851     3.4303      8.293 0.0000e+00
    142.000     5.1728      0.708   3.060754     3.4318      8.293 0.0000e+00
    142.250     5.1714      0.717   3.060728     3.4321      8.292 0.0000e+00
    142.500     5.1694      0.748   3.060613     3.4317      8.292 0.0000e+00
    142.750     5.1671      0.781   3.060382     3.4317      8.292 0.0000e+00
    143.000     5.1656      0.824   3.059939     3.4327      8.292 0.0000e+00
    143.250     5.1651      0.866   3.059507     3.4322      8.291 0.0000e+00
    143.500     5.1627      0.863   3.059000     3.4324      8.292 0.0000e+00
    143.750     5.1579      0.884   3.058322     3.4317      8.292 0.0000e+00
    144.000     5.1513      0.921   3.057619     3.4317      8.292 0.0000e+00
    144.250     5.1425      0.939   3.057047     3.4317      8.293 0.0000e+00
    144.500     5.1328      0.960   3.056796     3.4311      8.293 0.0000e+00
    144.750     5.1259      0.969   3.057119     3.4305      8.293 0.0000e+00
    145.000     5.1233      0.994   3.057620     3.4306      8.293 0.0000e+00
    145.250     5.1251      1.006   3.058170     3.4318      8.294 0.0000e+00
    145.500     5.1309      1.039   3.058860     3.4314      8.294 0.0000e+00
    145.750     5.1392      1.058   3.059589     3.4325      8.294 0.0000e+00
    146.000     5.1479      1.073   3.060152     3.4342      8.294 0.0000e+00
    146.250     5.1553      1.058   3.060500     3.4350      8.295 0.0000e+00
    146.500     5.1607      1.061   3.060637     3.4344      8.294 0.0000e+00
    146.750     5.1640      1.061   3.060669     3.4358      8.294 0.0000e+00
    147.000     5.1659      1.042   3.060705     3.4366      8.293 0.0000e+00
    147.250     5.1673      1.067   3.060777     3.4366      8.292 0.0000e+00
    147.500     5.1679      1.024   3.060755     3.4361      8.292 0.0000e+00
    147.750     5.1683      1.012   3.060684     3.4372      8.292 0.0000e+00
    148.000     5.1683      1.012   3.060566     3.4371      8.293 0.0000e+00
    148.250     5.1679      1.018   3.060348     3.4363      8.292 0.0000e+00
    148.500     5.1669      1.009   3.060099     3.4369      8.293 0.0000e+00
    148.750     5.1650      1.015   3.059760     3.4371      8.292 0.0000e+00
    149.000     5.1621      1.015   3.059288     3.4384      8.292 0.0000e+00
    149.250     5.1582      1.003   3.058835     3.4381      8.291 0.0000e+00
    149.500     5.1533      0.994   3.058304     3.4385      8.292 0.0000e+00
    149.750     5.1480      0.973   3.057721     3.4392      8.291 0.0000e+00
    150.000     5.1425      0.939   3.057232     3.4388      8.292 0.0000e+00
    150.250     5.1364      0.927   3.056945     3.4399      8.292 0.0000e+00
    150.500     5.1305      0.900   3.056955     3.4397      8.293 0.0000e+00
    150.750     5.1262      0.884   3.057313     3.4386      8.293 0.0000e+00
    151.000     5.1247      0.903   3.057801     3.4382      8.294 0.0000e+00
    151.250     5.1270      0.912   3.058437     3.4379      8.293 0.0000e+00
    151.500     5.1333      0.912   3.059189     3.4381      8.293 0.0000e+00
    151.750     5.1423      0.942   3.059938     3.4375      8.293 0.0000e+00
    152.000     5.1520      0.970   3.060524     3.4402      8.292 0.0000e+00
    152.250     5.1602      0.966   3.060878     3.4403      8.292 0.0000e+00
    152.500     5.1660      0.960   3.060928     3.4415      8.292 0.0000e+00
    152.750     5.1691      0.918   3.060824     3.4419      8.292 0.0000e+00
    153.000     5.1702      0.906   3.060644     3.4430      8.292 0.0000e+00
    153.250     5.1697      0.866   3.060497     3.4419      8.292 0.0000e+00
    153.500     5.1681      0.818   3.060383     3.4431      8.292 0.0000e+00
