assets/demos/compare_filters/SBE19plus_01908106_2023_06_14_0008_raw.cnv
* Sea-Bird SBE19plus  Data File:
* FileName = C:\CTD\202301_162_L2\SBE19plus_01908106_2023_06_14_0008.hex
* Software version 2.8.0.119
* Temperature SN = 8106
* Conductivity SN = 8106
* System UpLoad Time = Jun 14 2023 18:20:02
* <ApplicationData>
* <Seaterm232>
# nquan = 7
# nvalues = 10967
# units = specified
# name 1 = timeS: Time, Elapsed [seconds]
# name 2 = tv290C: Temperature [ITS-90, deg C]
# name 3 = prdM: Pressure, Strain Gauge [db]
# name 4 = c0S/m: Conductivity [S/m]
# name 5 = sbeox0V: Oxygen raw, SBE 43 [V]
# name 6 = ph: pH
# name 7 = flag:  0.000e+00
# span 1 =          0,     2741.5
# span 2 =     0.5322,     8.4626
# span 3 =      -0.18,     59.346
# span 4 =    0.00012,   3.086023
# span 5 = 1.92835889219501, 3.49233234149691
# span 6 =      7.199,       8.33
# span 7 =          0,          0
# interval = seconds: 0.25
# start_time = Jun 14 2023 15:22:07 [Instrument's time stamp, header]
# bad_flag = -9.990e-29
*END*
[from data line 10667]
   2666.750     4.0687      0.200   2.918155   2.311818      8.316        0.0
   2667.000     4.0705      0.194   2.918432   2.310903      8.318        0.0
   2667.250     4.0724      0.182   2.918672   2.310216      8.318        0.0
   2667.500     4.0743      0.200   2.918999   2.310521      8.316        0.0
   2667.750     4.0763      0.212   2.919214   2.308232      8.318        0.0
   2668.000     4.0784      0.197   2.919516   2.307774      8.317        0.0
   2668.250     4.0805      0.203   2.919775   2.307546      8.322        0.0
   2668.500     4.0823      0.224   2.920077   2.307546      8.320        0.0
   2668.750     4.0843      0.164   2.920379   2.307851      8.320        0.0
   2669.000     4.0862      0.121   2.920705   2.307088      8.320        0.0
   2669.250     4.0879      0.121   2.920989   2.307774      8.320        0.0
   2669.500     4.0897      0.161   2.921266   2.306859      8.316        0.0
   2669.750     4.0915      0.182   2.921525   2.306554      8.317        0.0
   2670.000     4.0934      0.200   2.921852   2.307012      8.320        0.0
   2670.250     4.0952      0.203   2.922067   2.307698      8.316        0.0
   2670.500     4.0968      0.161   2.922369   2.308080      8.315        0.0
   2670.750     4.0985      0.167   2.922628   2.308461      8.318        0.0
   2671.000     4.1001      0.185   2.922869   2.308766      8.316        0.0
   2671.250     4.1017      0.221   2.923109   2.308461      8.317        0.0
   2671.500     4.1034      0.203   2.923343   2.309224      8.319        0.0
   2671.750     4.1053      0.197   2.923651   2.308614      8.320        0.0
   2672.000     4.1071      0.191   2.923886   2.308843      8.317        0.0
   2672.250     4.1089      0.197   2.924169   2.309834      8.318        0.0
   2672.500     4.1109      0.188   2.924385   2.308690      8.317        0.0
   2672.750     4.1127      0.154   2.924644   2.309682      8.317        0.0
   2673.000     4.1147      0.145   2.924884   2.308385      8.318        0.0
   2673.250     4.1164      0.151   2.925119   2.308690      8.319        0.0
   2673.500     4.1181      0.154   2.925340   2.307469      8.317        0.0
   2673.750     4.1199      0.167   2.925643   2.307164      8.324        0.0
   2674.000     4.1215      0.164   2.925834   2.308232      8.315        0.0
   2674.250     4.1232      0.161   2.926117   2.305486      8.320        0.0
   2674.500     4.1247      0.151   2.926401   2.304723      8.319        0.0
   2674.750     4.1263      0.158   2.926660   2.306325      8.318        0.0
   2675.000     4.1278      0.170   2.926900   2.305867      8.316        0.0
   2675.250     4.1295      0.185   2.927135   2.304265      8.318        0.0
   2675.500     4.1311      0.182   2.927400   2.304417      8.318        0.0
   2675.750     4.1329      0.164   2.927616   2.304265      8.315        0.0
   2676.000     4.1346      0.161   2.927850   2.303960      8.320        0.0
   2676.250     4.1363      0.142   2.928115   2.304799      8.316        0.0
   2676.500     4.1380      0.136   2.928350   2.302510      8.315        0.0
   2676.750     4.1396      0.124   2.928572   2.302586      8.318        0.0
   2677.000     4.1416      0.127   2.928806   2.301289      8.316        0.0
   2677.250     4.1435      0.103   2.929065   2.300755      8.315        0.0
   2677.500     4.1454      0.103   2.929306   2.298848      8.320        0.0
   2677.750     4.1474      0.130   2.929546   2.298619      8.316        0.0
   2678.000     4.1493      0.127   2.929806   2.297780      8.315        0.0
   2678.250     4.1511      0.094   2.930021   2.295949      8.319        0.0
   2678.500     4.1528      0.063   2.930262   2.296330      8.317        0.0
   2678.750     4.1546      0.075   2.930503   2.294804      8.316        0.0
   2679.000     4.1563      0.078   2.930762   2.294041      8.315        0.0
   2679.250     4.1579      0.094   2.931002   2.293584      8.318        0.0
   2679.500     4.1594      0.115   2.931218   2.292592      8.316        0.0
   2679.750     4.1612      0.145   2.931459   2.291524      8.316        0.0
   2680.000     4.1629      0.157   2.931675   2.290684      8.316        0.0
   2680.250     4.1646      0.173   2.931909   2.289235      8.318        0.0
   2680.500     4.1662      0.197   2.932150   2.289693      8.316        0.0
   2680.750     4.1679      0.215   2.932391   2.289464      8.317        0.0
   2681.000     4.1696      0.218   2.932588   2.290074      8.314        0.0
   2681.250     4.1712      0.215   2.932823   2.289540      8.314        0.0
   2681.500     4.1731      0.218   2.933063   2.290684      8.318        0.0
   2681.750     4.1749      0.191   2.933261   2.290227      8.317        0.0
   2682.000     4.1767      0.170   2.933495   2.291981      8.320        0.0
   2682.250     4.1783      0.164   2.933718   2.292515      8.318        0.0
   2682.500     4.1800      0.154   2.933934   2.294957      8.318        0.0
   2682.750     4.1817      0.133   2.934174   2.295491      8.315        0.0
   2683.000     4.1832      0.124   2.934366   2.298314      8.314        0.0
   2683.250     4.1850      0.115   2.934631   2.299458      8.316        0.0
   2683.500     4.1865      0.103   2.934847   2.300984      8.316        0.0
   2683.750     4.1884      0.100   2.935063   2.302434      8.317        0.0
   2684.000     4.1900      0.100   2.935279   2.304417      8.315        0.0
   2684.250     4.1917      0.094   2.935477   2.306706      8.315        0.0
   2684.500     4.1933      0.091   2.935718   2.307774      8.315        0.0
   2684.750     4.1952      0.087   2.935958   2.309529      8.315        0.0
   2685.000     4.1967      0.115   2.936174   2.311666      8.317        0.0
   2685.250     4.1984      0.142   2.936415   2.313649      8.318        0.0
   2685.500     4.2000      0.157   2.936650   2.315328      8.318        0.0
   2685.750     4.2016      0.157   2.936891   2.317311      8.315        0.0
   2686.000     4.2033      0.121   2.937107   2.320439      8.319        0.0
   2686.250     4.2051      0.084   2.937329   2.322271      8.315        0.0
   2686.500     4.2069      0.072   2.937502   2.323415      8.318        0.0
   2686.750     4.2086      0.087   2.937700   2.325093      8.315        0.0
   2687.000     4.2102      0.075   2.937916   2.327001      8.315        0.0
   2687.250     4.2117      0.060   2.938157   2.329519      8.314        0.0
   2687.500     4.2133      0.063   2.938373   2.331121      8.318        0.0
   2687.750     4.2150      0.066   2.938589   2.332647      8.317        0.0
   2688.000     4.2166      0.045   2.938805   2.334020      8.315        0.0
   2688.250     4.2181      0.024   2.939071   2.336995      8.315        0.0
   2688.500     4.2198      0.027   2.939287   2.337301      8.314        0.0
   2688.750     4.2214      0.048   2.939503   2.339513      8.314        0.0
   2689.000     4.2229      0.072   2.939725   2.340963      8.322        0.0
   2689.250     4.2245      0.097   2.939917   2.342031      8.314        0.0
   2689.500     4.2261      0.100   2.940114   2.343862      8.319        0.0
   2689.750     4.2277      0.118   2.940374   2.346380      8.314        0.0
   2690.000     4.2293      0.182   2.940572   2.346914      8.317        0.0
   2690.250     4.2308      0.209   2.940788   2.349355      8.319        0.0
   2690.500     4.2323      0.209   2.941054   2.351339      8.315        0.0
   2690.750     4.2338      0.166   2.941270   2.355459      8.319        0.0
   2691.000     4.2353      0.133   2.941486   2.358663      8.317        0.0
   2691.250     4.2370      0.093   2.941708   2.362097      8.318        0.0
   2691.500     4.2388      0.100   2.941925   2.365072      8.320        0.0
   2691.750     4.2404      0.078   2.942141   2.368505      8.319        0.0
   2692.000     4.2420      0.072   2.942339   2.372320      8.315        0.0
   2692.250     4.2434      0.066   2.942536   2.379416      8.318        0.0
   2692.500     4.2449      0.075   2.942753   2.388876      8.316        0.0
   2692.750     4.2465      0.060   2.942969   2.396658      8.318        0.0
   2693.000     4.2480      0.057   2.943167   2.406882      8.318        0.0
   2693.250     4.2497      0.048   2.943364   2.419242      8.318        0.0
   2693.500     4.2511      0.021   2.943581   2.429313      8.316        0.0
   2693.750     4.2527      0.002   2.943803   2.440604      8.319        0.0
   2694.000     4.2543      0.014   2.943995   2.450217      8.316        0.0
   2694.250     4.2559      0.030   2.944192   2.459297      8.316        0.0
   2694.500     4.2573      0.033   2.944390   2.468070      8.315        0.0
   2694.750     4.2590      0.066   2.944607   2.476310      8.318        0.0
   2695.000     4.2604      0.093   2.944829   2.482872      8.320        0.0
   2695.250     4.2620      0.090   2.945064   2.489433      8.315        0.0
   2695.500     4.2637      0.084   2.945262   2.494850      8.318        0.0
   2695.750     4.2652      0.100   2.945484   2.498817      8.317        0.0
   2696.000     4.2668      0.109   2.945676   2.502937      8.318        0.0
   2696.250     4.2682      0.090   2.945898   2.506905      8.320        0.0
   2696.500     4.2698      0.042   2.946090   2.510185      8.315        0.0
   2696.750     4.2713      0.017   2.946313   2.513695      8.315        0.0
   2697.000     4.2728      0.057   2.946529   2.514153      8.318        0.0
   2697.250     4.2743      0.078   2.946727   2.515221      8.314        0.0
   2697.500     4.2758      0.099   2.946925   2.516289      8.317        0.0
   2697.750     4.2771      0.103   2.947116   2.517128      8.313        0.0
   2698.000     4.2788      0.096   2.947339   2.515831      8.316        0.0
   2698.250     4.2803      0.090   2.947555   2.515831      8.315        0.0
   2698.500     4.2819      0.081   2.947685   2.515984      8.316        0.0
   2698.750     4.2834      0.054   2.947908   2.516899      8.314        0.0
   2699.000     4.2849      0.020   2.948106   2.513848      8.314        0.0
   2699.250     4.2864     -0.001   2.948322   2.513619      8.314        0.0
   2699.500     4.2879     -0.040   2.948520   2.511788      8.314        0.0
   2699.750     4.2892     -0.068   2.948718   2.510567      8.315        0.0
   2700.000     4.2908     -0.059   2.948934   2.509194      8.315        0.0
   2700.250     4.2923     -0.022   2.949151   2.506371      8.319        0.0
   2700.500     4.2938     -0.013   2.949349   2.505074      8.317        0.0
   2700.750     4.2953     -0.016   2.949522   2.501335      8.318        0.0
   2701.000     4.2967     -0.019   2.949701   2.500420      8.314        0.0
   2701.250     4.2982     -0.034   2.949918   2.498131      8.316        0.0
   2701.500     4.2997     -0.001   2.950134   2.494240      8.319        0.0
   2701.750     4.3012      0.014   2.950289   2.492409      8.316        0.0
   2702.000     4.3027     -0.001   2.950487   2.491722      8.320        0.0
   2702.250     4.3041      0.005   2.950728   2.489815      8.316        0.0
   2702.500     4.3057      0.002   2.950901   2.487831      8.316        0.0
   2702.750     4.3069     -0.016   2.951099   2.486687      8.317        0.0
   2703.000     4.3084     -0.037   2.951427   2.485161      8.318        0.0
   2703.250     4.3098     -0.071   2.952608   2.482872      8.317        0.0
   2703.500     4.3194     -0.113   2.952874   2.481422      8.313        0.0
   2703.750     4.3416     -0.129   2.953116   2.479591      8.315        0.0
   2704.000     4.3574     -0.113   2.953332   2.478447      8.313        0.0
   2704.250     4.3652     -0.113   2.953573   2.476844      8.316        0.0
   2704.500     4.3694     -0.126   2.954471   2.474479      8.316        0.0
   2704.750     4.3737     -0.123   2.955040   2.472801      8.314        0.0
   2705.000     4.3817     -0.120   2.955281   2.471046      8.316        0.0
   2705.250     4.3910     -0.120   2.955454   2.469291      8.315        0.0
   2705.500     4.3973     -0.126   2.955832   2.467613      8.313        0.0
   2705.750     4.4021     -0.135   2.955980   2.466239      8.316        0.0
   2706.000     4.4062     -0.101   2.956092   2.466087      8.317        0.0
   2706.250     4.4094     -0.013   2.956203   2.464408      8.315        0.0
   2706.500     4.4125      0.115   2.956575   2.463569      8.317        0.0
   2706.750     4.4152      0.209   2.956705   2.462882      8.317        0.0
   2707.000     4.4173      0.273   2.956791   2.463645      8.318        0.0
   2707.250     4.4188      0.291   2.956903   2.464103      8.314        0.0
   2707.500     4.4200      0.291   2.956946   2.466011      8.315        0.0
   2707.750     4.4216      0.264   2.957058   2.465400      8.313        0.0
   2708.000     4.4236      0.215   2.957187   2.467384      8.318        0.0
   2708.250     4.4256      0.157   2.957299   2.466773      8.316        0.0
   2708.500     4.4277      0.121   2.957429   2.466697      8.314        0.0
   2708.750     4.4296      0.084   2.957540   2.467079      8.317        0.0
   2709.000     4.4312      0.035   2.957670   2.468070      8.313        0.0
   2709.250     4.4323     -0.010   2.957782   2.466850      8.311        0.0
   2709.500     4.4334     -0.050   2.957912   2.468070      8.314        0.0
   2709.750     4.4346     -0.053   2.958023   2.467918      8.316        0.0
   2710.000     4.4362     -0.041   2.958178   2.466926      8.313        0.0
   2710.250     4.4380     -0.034   2.958265   2.466545      8.312        0.0
   2710.500     4.4393     -0.034   2.958395   2.466545      8.315        0.0
   2710.750     4.4408     -0.028   2.958525   2.465858      8.316        0.0
   2711.000     4.4420     -0.031   2.958661   2.466239      8.315        0.0
   2711.250     4.4430     -0.050   2.958766   2.466087      8.316        0.0
   2711.500     4.4440     -0.092   2.958878   2.466087      8.317        0.0
   2711.750     4.4449     -0.126   2.959008   2.465476      8.315        0.0
   2712.000     4.4460     -0.129   2.959144   2.464942      8.312        0.0
   2712.250     4.4471     -0.126   2.959317   2.464408      8.314        0.0
   2712.500     4.4483     -0.132   2.959491   2.461738      8.318        0.0
   2712.750     4.4498     -0.114   2.959627   2.462730      8.315        0.0
   2713.000     4.4511     -0.053   2.959800   2.463569      8.314        0.0
   2713.250     4.4523     -0.013   2.959868   2.469368      8.319        0.0
   2713.500     4.4536     -0.047   2.960110   2.471351      8.314        0.0
   2713.750     4.4546     -0.114   2.960680   2.474784      8.315        0.0
   2714.000     4.4560     -0.129   2.960834   2.478370      8.317        0.0
   2714.250     4.4571     -0.132   2.960940   2.488212      8.316        0.0
   2714.500     4.4584     -0.135   2.961095   2.503243      8.317        0.0
   2714.750     4.4597     -0.129   2.961231   2.522393      8.314        0.0
   2715.000     4.4608     -0.132   2.961380   2.543069      8.317        0.0
   2715.250     4.4621     -0.129   2.961534   2.564965      8.315        0.0
   2715.500     4.4634     -0.141   2.961664   2.585489      8.313        0.0
   2715.750     4.4645     -0.135   2.961801   2.605707      8.313        0.0
   2716.000     4.4655     -0.126   2.961956   2.624094      8.314        0.0
   2716.250     4.4666     -0.132   2.960568   2.638437      8.315        0.0
   2716.500     4.4677     -0.132   2.824594   2.651865      8.315        0.0
   2716.750     4.4689     -0.129   1.733767   2.664759      8.317        0.0
   2717.000     4.4702     -0.129   1.866898   2.674601      8.316        0.0
   2717.250     4.4713     -0.135   1.784861   2.683070      8.313        0.0
   2717.500     4.4722     -0.132   1.642993   2.688869      8.315        0.0
