assets/demos/compare_filters/SBE19plus_01908106_2023_06_14_0008_raw_boxcar.cnv
* Sea-Bird SBE19plus  Data File:
* FileName = C:\CTD\202301_162_L2\SBE19plus_01908106_2023_06_14_0008.hex
* Software version 2.8.0.119
* Temperature SN = 8106
* Conductivity SN = 8106
* System UpLoad Time = Jun 14 2023 18:20:02
* <ApplicationData>
* <Seaterm232>
# nquan = 7
# nvalues = 10967                       
# units = specified
# name 1 = timeS: Time, Elapsed [seconds]
# name 2 = tv290C: Temperature [ITS-90, deg C]
# name 3 = prdM: Pressure, Strain Gauge [db]
# name 4 = c0S/m: Conductivity [S/m]
# name 5 = sbeox0V: Oxygen raw, SBE 43 [V]
# name 6 = ph: pH
# name 7 = flag:  0.000e+00
# span 0 =      0.000,   2741.500       
# span 1 =     0.5322,     8.4614       
# span 2 =     -0.180,     59.346       
# span 3 =   0.000127,   3.081936       
# span 4 =     1.9284,     3.4923       
# span 5 =      7.239,      8.328       
# span 6 = 0.0000e+00, 0.0000e+00       
# interval = seconds: 0.25
# start_time = Jun 14 2023 15:22:07 [Instrument's time stamp, header]
# bad_flag = -9.990e-29
*END*
[from data line 10257]
   2564.250     1.3110     10.228   2.762097     2.0855      8.327 0.0000e+00
   2564.500     1.3178     10.121   2.762483     2.0874      8.327 0.0000e+00
   2564.750     1.3245     10.018   2.762870     2.0902      8.328 0.0000e+00
   2565.000     1.3312      9.906   2.763262     2.0906      8.328 0.0000e+00
   2565.250     1.3379      9.808   2.763658     2.0938      8.328 0.0000e+00
   2565.500     1.3447      9.717   2.764059     2.0961      8.328 0.0000e+00
   2565.750     1.3516      9.611   2.764466     2.0977      8.327 0.0000e+00
   2566.000     1.3586      9.507   2.764874     2.0999      8.327 0.0000e+00
   2566.250     1.3658      9.398   2.765275     2.1025      8.327 0.0000e+00
   2566.500     1.3731      9.301   2.765674     2.1027      8.327 0.0000e+00
   2566.750     1.3806      9.203   2.766070     2.1052      8.328 0.0000e+00
   2567.000     1.3881      9.121   2.766463     2.1095      8.328 0.0000e+00
   2567.250     1.3957      9.015   2.766850     2.1119      8.328 0.0000e+00
   2567.500     1.4033      8.924   2.767228     2.1151      8.328 0.0000e+00
   2567.750     1.4110      8.845   2.767615     2.1173      8.328 0.0000e+00
   2568.000     1.4188      8.759   2.768015     2.1186      8.327 0.0000e+00
   2568.250     1.4265      8.662   2.768418     2.1221      8.327 0.0000e+00
   2568.500     1.4343      8.580   2.768831     2.1250      8.327 0.0000e+00
   2568.750     1.4424      8.504   2.769255     2.1262      8.326 0.0000e+00
   2569.000     1.4507      8.419   2.769682     2.1291      8.326 0.0000e+00
   2569.250     1.4593      8.328   2.770122     2.1335      8.326 0.0000e+00
   2569.500     1.4685      8.236   2.770574     2.1345      8.326 0.0000e+00
   2569.750     1.4785      8.163   2.771020     2.1373      8.326 0.0000e+00
   2570.000     1.4894      8.060   2.771467     2.1394      8.327 0.0000e+00
   2570.250     1.5014      7.975   2.771917     2.1416      8.327 0.0000e+00
   2570.500     1.5147      7.896   2.772359     2.1437      8.327 0.0000e+00
   2570.750     1.5294      7.808   2.772815     2.1460      8.327 0.0000e+00
   2571.000     1.5456      7.717   2.773261     2.1490      8.326 0.0000e+00
   2571.250     1.5635      7.634   2.773696     2.1510      8.326 0.0000e+00
   2571.500     1.5832      7.543   2.774139     2.1529      8.326 0.0000e+00
   2571.750     1.6047      7.461   2.774589     2.1548      8.326 0.0000e+00
   2572.000     1.6283      7.367   2.775035     2.1579      8.325 0.0000e+00
   2572.250     1.6547      7.279   2.775485     2.1587      8.325 0.0000e+00
   2572.500     1.6841      7.169   2.775926     2.1633      8.326 0.0000e+00
   2572.750     1.7171      7.066   2.776376     2.1647      8.326 0.0000e+00
   2573.000     1.7541      6.963   2.776819     2.1685      8.327 0.0000e+00
   2573.250     1.7947      6.847   2.777259     2.1716      8.327 0.0000e+00
   2573.500     1.8380      6.750   2.777712     2.1736      8.327 0.0000e+00
   2573.750     1.8836      6.655   2.778173     2.1770      8.326 0.0000e+00
   2574.000     1.9302      6.552   2.778639     2.1806      8.326 0.0000e+00
   2574.250     1.9777      6.458   2.779120     2.1831      8.326 0.0000e+00
   2574.500     2.0262      6.385   2.779611     2.1856      8.325 0.0000e+00
   2574.750     2.0756      6.294   2.780110     2.1894      8.325 0.0000e+00
   2575.000     2.1263      6.218   2.780627     2.1923      8.325 0.0000e+00
   2575.250     2.1787      6.126   2.781155     2.1952      8.324 0.0000e+00
   2575.500     2.2321      6.060   2.781716     2.1971      8.325 0.0000e+00
   2575.750     2.2866      6.005   2.782322     2.2010      8.324 0.0000e+00
   2576.000     2.3433      5.935   2.782951     2.2039      8.323 0.0000e+00
   2576.250     2.4039      5.892   2.783598     2.2076      8.323 0.0000e+00
   2576.500     2.4716      5.810   2.784251     2.2101      8.323 0.0000e+00
   2576.750     2.5457      5.756   2.784892     2.2137      8.322 0.0000e+00
   2577.000     2.6225      5.686   2.785533     2.2154      8.322 0.0000e+00
   2577.250     2.6971      5.591   2.786155     2.2215      8.323 0.0000e+00
   2577.500     2.7640      5.558   2.786755     2.2202      8.322 0.0000e+00
   2577.750     2.8182      5.482   2.787351     2.2239      8.322 0.0000e+00
   2578.000     2.8605      5.379   2.788022     2.2262      8.322 0.0000e+00
   2578.250     2.8963      5.290   2.788791     2.2296      8.321 0.0000e+00
   2578.500     2.9336      5.217   2.789578     2.2333      8.320 0.0000e+00
   2578.750     2.9787      5.114   2.790426     2.2356      8.320 0.0000e+00
   2579.000     3.0301      4.995   2.791321     2.2383      8.320 0.0000e+00
   2579.250     3.0842      4.798   2.792366     2.2402      8.320 0.0000e+00
   2579.500     3.1358      4.725   2.793515     2.2432      8.320 0.0000e+00
   2579.750     3.1816      4.621   2.794692     2.2457      8.319 0.0000e+00
   2580.000     3.2197      4.485   2.795813     2.2493      8.319 0.0000e+00
   2580.250     3.2515      4.357   2.796966     2.2528      8.319 0.0000e+00
   2580.500     3.2805      4.229   2.798073     2.2569      8.319 0.0000e+00
   2580.750     3.3087      4.147   2.799127     2.2605      8.319 0.0000e+00
   2581.000     3.3331      4.071   2.800005     2.2644      8.319 0.0000e+00
   2581.250     3.3520      4.001   2.800774     2.2670      8.319 0.0000e+00
   2581.500     3.3667      3.910   2.801434     2.2712      8.320 0.0000e+00
   2581.750     3.3774      3.840   2.802087     2.2747      8.320 0.0000e+00
   2582.000     3.3857      3.816   2.802768     2.2797      8.321 0.0000e+00
   2582.250     3.3933      3.767   2.803481     2.2826      8.322 0.0000e+00
   2582.500     3.4010      3.721   2.804283     2.2869      8.321 0.0000e+00
   2582.750     3.4091      3.639   2.805233     2.2907      8.321 0.0000e+00
   2583.000     3.4178      3.545   2.806297     2.2950      8.320 0.0000e+00
   2583.250     3.4269      3.430   2.807458     2.2995      8.319 0.0000e+00
   2583.500     3.4363      3.372   2.808689     2.3015      8.318 0.0000e+00
   2583.750     3.4456      3.284   2.809965     2.3062      8.318 0.0000e+00
   2584.000     3.4555      3.205   2.811210     2.3090      8.317 0.0000e+00
   2584.250     3.4682      3.116   2.812402     2.3104      8.317 0.0000e+00
   2584.500     3.4857      3.019   2.813572     2.3131      8.316 0.0000e+00
   2584.750     3.5080      2.964   2.814723     2.3155      8.316 0.0000e+00
   2585.000     3.5345      2.922   2.815907     2.3178      8.316 0.0000e+00
   2585.250     3.5639      2.879   2.816986     2.3203      8.316 0.0000e+00
   2585.500     3.5925      2.806   2.817876     2.3229      8.316 0.0000e+00
   2585.750     3.6170      2.764   2.818684     2.3244      8.316 0.0000e+00
   2586.000     3.6365      2.663   2.819374     2.3267      8.315 0.0000e+00
   2586.250     3.6518      2.569   2.819878     2.3273      8.315 0.0000e+00
   2586.500     3.6642      2.484   2.820199     2.3291      8.315 0.0000e+00
   2586.750     3.6750      2.408   2.820297     2.3306      8.316 0.0000e+00
   2587.000     3.6853      2.317   2.820300     2.3322      8.316 0.0000e+00
   2587.250     3.6954      2.213   2.820296     2.3348      8.316 0.0000e+00
   2587.500     3.7047      2.140   2.820254     2.3356      8.315 0.0000e+00
   2587.750     3.7125      2.074   2.820222     2.3377      8.316 0.0000e+00
   2588.000     3.7183      2.022   2.820168     2.3394      8.316 0.0000e+00
   2588.250     3.7222      2.004   2.820162     2.3394      8.317 0.0000e+00
   2588.500     3.7244      1.998   2.820204     2.3426      8.317 0.0000e+00
   2588.750     3.7254      1.979   2.820319     2.3432      8.317 0.0000e+00
   2589.000     3.7257      1.970   2.820461     2.3439      8.317 0.0000e+00
   2589.250     3.7257      1.925   2.820622     2.3439      8.317 0.0000e+00
   2589.500     3.7260      1.867   2.820767     2.3453      8.317 0.0000e+00
   2589.750     3.7267      1.797   2.820912     2.3468      8.317 0.0000e+00
   2590.000     3.7278      1.712   2.821040     2.3474      8.318 0.0000e+00
   2590.250     3.7292      1.639   2.821180     2.3486      8.318 0.0000e+00
   2590.500     3.7304      1.548   2.821284     2.3510      8.317 0.0000e+00
   2590.750     3.7313      1.459   2.821391     2.3515      8.318 0.0000e+00
   2591.000     3.7317      1.429   2.821513     2.3489      8.319 0.0000e+00
   2591.250     3.7320      1.408   2.821653     2.3509      8.318 0.0000e+00
   2591.500     3.7321      1.405   2.821828     2.3489      8.319 0.0000e+00
   2591.750     3.7323      1.393   2.821980     2.3502      8.319 0.0000e+00
   2592.000     3.7325      1.389   2.822089     2.3513      8.318 0.0000e+00
   2592.250     3.7329      1.383   2.822196     2.3504      8.318 0.0000e+00
   2592.500     3.7334      1.359   2.822288     2.3494      8.318 0.0000e+00
   2592.750     3.7338      1.329   2.822368     2.3523      8.318 0.0000e+00
   2593.000     3.7342      1.280   2.822457     2.3511      8.319 0.0000e+00
   2593.250     3.7344      1.210   2.822550     2.3520      8.319 0.0000e+00
   2593.500     3.7343      1.122   2.822660     2.3465      8.319 0.0000e+00
   2593.750     3.7339      1.040   2.822792     2.3474      8.318 0.0000e+00
   2594.000     3.7332      0.946   2.822936     2.3469      8.318 0.0000e+00
   2594.250     3.7323      0.873   2.823100     2.3469      8.318 0.0000e+00
   2594.500     3.7313      0.809   2.823290     2.3475      8.318 0.0000e+00
   2594.750     3.7304      0.751   2.823496     2.3478      8.318 0.0000e+00
   2595.000     3.7297      0.718   2.823720     2.3447      8.317 0.0000e+00
   2595.250     3.7291      0.711   2.823954     2.3462      8.317 0.0000e+00
   2595.500     3.7287      0.727   2.824190     2.3456      8.317 0.0000e+00
   2595.750     3.7284      0.748   2.824428     2.3439      8.316 0.0000e+00
   2596.000     3.7279      0.763   2.824665     2.3442      8.316 0.0000e+00
   2596.250     3.7273      0.781   2.824900     2.3423      8.317 0.0000e+00
   2596.500     3.7267      0.781   2.825129     2.3452      8.317 0.0000e+00
   2596.750     3.7261      0.775   2.825361     2.3447      8.317 0.0000e+00
   2597.000     3.7256      0.769   2.825593     2.3439      8.317 0.0000e+00
   2597.250     3.7251      0.775   2.825827     2.3444      8.318 0.0000e+00
   2597.500     3.7247      0.775   2.826077     2.3450      8.317 0.0000e+00
   2597.750     3.7242      0.778   2.826328     2.3452      8.317 0.0000e+00
   2598.000     3.7237      0.763   2.826587     2.3451      8.317 0.0000e+00
   2598.250     3.7231      0.763   2.826856     2.3455      8.317 0.0000e+00
   2598.500     3.7226      0.763   2.827119     2.3462      8.317 0.0000e+00
   2598.750     3.7220      0.760   2.827384     2.3455      8.317 0.0000e+00
   2599.000     3.7215      0.772   2.827652     2.3477      8.317 0.0000e+00
   2599.250     3.7211      0.778   2.827912     2.3475      8.316 0.0000e+00
   2599.500     3.7208      0.791   2.828176     2.3472      8.317 0.0000e+00
   2599.750     3.7206      0.821   2.828438     2.3487      8.316 0.0000e+00
   2600.000     3.7204      0.839   2.828697     2.3471      8.317 0.0000e+00
   2600.250     3.7203      0.867   2.828963     2.3491      8.317 0.0000e+00
   2600.500     3.7201      0.876   2.829229     2.3494      8.318 0.0000e+00
   2600.750     3.7198      0.870   2.829498     2.3476      8.317 0.0000e+00
   2601.000     3.7194      0.870   2.829780     2.3472      8.318 0.0000e+00
   2601.250     3.7190      0.867   2.830073     2.3488      8.318 0.0000e+00
   2601.500     3.7185      0.851   2.830381     2.3500      8.318 0.0000e+00
   2601.750     3.7180      0.818   2.830695     2.3498      8.318 0.0000e+00
   2602.000     3.7176      0.791   2.831011     2.3465      8.318 0.0000e+00
   2602.250     3.7173      0.760   2.831333     2.3479      8.317 0.0000e+00
   2602.500     3.7172      0.736   2.831661     2.3471      8.317 0.0000e+00
   2602.750     3.7172      0.724   2.831978     2.3481      8.316 0.0000e+00
   2603.000     3.7173      0.721   2.832303     2.3492      8.316 0.0000e+00
   2603.250     3.7174      0.733   2.832623     2.3497      8.316 0.0000e+00
   2603.500     3.7175      0.745   2.832954     2.3494      8.316 0.0000e+00
   2603.750     3.7176      0.754   2.833255     2.3471      8.316 0.0000e+00
   2604.000     3.7177      0.745   2.833578     2.3481      8.317 0.0000e+00
   2604.250     3.7178      0.742   2.833904     2.3477      8.316 0.0000e+00
   2604.500     3.7180      0.781   2.834236     2.3470      8.316 0.0000e+00
   2604.750     3.7182      0.711   2.834559     2.3474      8.317 0.0000e+00
   2605.000     3.7185      0.666   2.834878     2.3462      8.317 0.0000e+00
   2605.250     3.7187      0.629   2.835201     2.3468      8.317 0.0000e+00
   2605.500     3.7188      0.590   2.835570     2.3448      8.317 0.0000e+00
   2605.750     3.7188      0.559   2.835950     2.3449      8.317 0.0000e+00
   2606.000     3.7188      0.526   2.836335     2.3437      8.317 0.0000e+00
   2606.250     3.7188      0.508   2.836725     2.3433      8.317 0.0000e+00
   2606.500     3.7188      0.474   2.837102     2.3421      8.317 0.0000e+00
   2606.750     3.7189      0.474   2.837503     2.3417      8.318 0.0000e+00
   2607.000     3.7191      0.468   2.837907     2.3417      8.317 0.0000e+00
   2607.250     3.7194      0.465   2.838293     2.3410      8.317 0.0000e+00
   2607.500     3.7197      0.511   2.838655     2.3396      8.318 0.0000e+00
   2607.750     3.7201      0.526   2.839020     2.3413      8.318 0.0000e+00
   2608.000     3.7204      0.550   2.839397     2.3416      8.318 0.0000e+00
   2608.250     3.7207      0.572   2.839801     2.3410      8.319 0.0000e+00
   2608.500     3.7210      0.611   2.840191     2.3397      8.319 0.0000e+00
   2608.750     3.7214      0.572   2.840553     2.3411      8.318 0.0000e+00
   2609.000     3.7219      0.535   2.840970     2.3403      8.318 0.0000e+00
   2609.250     3.7224      0.489   2.841422     2.3412      8.317 0.0000e+00
   2609.500     3.7231      0.416   2.841893     2.3410      8.317 0.0000e+00
   2609.750     3.7237      0.374   2.842358     2.3418      8.318 0.0000e+00
   2610.000     3.7243      0.313   2.842826     2.3404      8.318 0.0000e+00
   2610.250     3.7249      0.307   2.843308     2.3411      8.319 0.0000e+00
   2610.500     3.7255      0.216   2.843818     2.3414      8.319 0.0000e+00
   2610.750     3.7261      0.213   2.844269     2.3413      8.318 0.0000e+00
   2611.000     3.7267      0.222   2.844686     2.3412      8.317 0.0000e+00
   2611.250     3.7273      0.179   2.845073     2.3427      8.317 0.0000e+00
   2611.500     3.7279      0.191   2.845454     2.3420      8.317 0.0000e+00
   2611.750     3.7285      0.176   2.845827     2.3429      8.317 0.0000e+00
   2612.000     3.7290      0.176   2.846181     2.3421      8.317 0.0000e+00
   2612.250     3.7296      0.161   2.846526     2.3434      8.317 0.0000e+00
   2612.500     3.7301      0.128   2.846871     2.3436      8.317 0.0000e+00
   2612.750     3.7306      0.122   2.847220     2.3449      8.317 0.0000e+00
   2613.000     3.7312      0.155   2.847566     2.3453      8.317 0.0000e+00
   2613.250     3.7317      0.179   2.847905     2.3455      8.318 0.0000e+00
   2613.500     3.7323      0.222   2.848239     2.3458      8.319 0.0000e+00
   2613.750     3.7328      0.249   2.848576     2.3464      8.319 0.0000e+00
   2614.000     3.7334      0.283   2.848879     2.3492      8.319 0.0000e+00
   2614.250     3.7340      0.283   2.849222     2.3477      8.319 0.0000e+00
   2614.500     3.7346      0.255   2.849561     2.3510      8.320 0.0000e+00
   2614.750     3.7353      0.258   2.849916     2.3510      8.319 0.0000e+00
   2615.000     3.7360      0.249   2.850286     2.3542      8.318 0.0000e+00
