assets/demos/compare_filters/SBE19plus_01908106_2023_06_14_0008_raw_gaussian.cnv
* Sea-Bird SBE19plus  Data File:
* FileName = C:\CTD\202301_162_L2\SBE19plus_01908106_2023_06_14_0008.hex
* Software version 2.8.0.119
* Temperature SN = 8106
* Conductivity SN = 8106
* System UpLoad Time = Jun 14 2023 18:20:02
* <ApplicationData>
* <Seaterm232>
# nquan = 7
# nvalues = 10967                       
# units = specified
# name 1 = timeS: Time, Elapsed [seconds]
# name 2 = tv290C: Temperature [ITS-90, deg C]
# name 3 = prdM: Pressure, Strain Gauge [db]
# name 4 = c0S/m: Conductivity [S/m]
# name 5 = sbeox0V: Oxygen raw, SBE 43 [V]
# name 6 = ph: pH
# name 7 = flag:  0.000e+00
# span 0 =      0.000,   2741.500       
# span 1 =     0.5322,     8.4614       
# span 2 =     -0.180,     59.346       
# span 3 =   0.000127,   3.082325       
# span 4 =     1.9284,     3.4923       
# span 5 =      7.235,      8.328       
# span 6 = 0.0000e+00, 0.0000e+00       
# interval = seconds: 0.25
# start_time = Jun 14 2023 15:22:07 [Instrument's time stamp, header]
# bad_flag = -9.990e-29
*END*
[from data line 4308]
   1077.000     0.6084     59.089   2.713435     2.9427      8.003 0.0000e+00
   1077.250     0.6083     59.095   2.713435     2.9432      8.003 0.0000e+00
   1077.500     0.6083     59.086   2.713435     2.9435      8.003 0.0000e+00
   1077.750     0.6082     59.095   2.713435     2.9429      8.003 0.0000e+00
   1078.000     0.6082     59.107   2.713436     2.9436      8.002 0.0000e+00
   1078.250     0.6082     59.104   2.713437     2.9426      8.002 0.0000e+00
   1078.500     0.6082     59.110   2.713439     2.9446      8.002 0.0000e+00
   1078.750     0.6082     59.116   2.713439     2.9422      8.003 0.0000e+00
   1079.000     0.6082     59.119   2.713439     2.9433      8.003 0.0000e+00
   1079.250     0.6082     59.113   2.713438     2.9430      8.003 0.0000e+00
   1079.500     0.6082     59.116   2.713439     2.9435      8.004 0.0000e+00
   1079.750     0.6082     59.107   2.713440     2.9429      8.003 0.0000e+00
   1080.000     0.6083     59.107   2.713441     2.9423      8.003 0.0000e+00
   1080.250     0.6083     59.107   2.713440     2.9426      8.003 0.0000e+00
   1080.500     0.6082     59.098   2.713438     2.9437      8.004 0.0000e+00
   1080.750     0.6082     59.095   2.713437     2.9431      8.004 0.0000e+00
   1081.000     0.6082     59.092   2.713440     2.9419      8.004 0.0000e+00
   1081.250     0.6083     59.101   2.713446     2.9432      8.004 0.0000e+00
   1081.500     0.6083     59.095   2.713452     2.9429      8.003 0.0000e+00
   1081.750     0.6084     59.098   2.713457     2.9422      8.003 0.0000e+00
   1082.000     0.6084     59.104   2.713460     2.9417      8.003 0.0000e+00
   1082.250     0.6084     59.107   2.713462     2.9414      8.003 0.0000e+00
   1082.500     0.6085     59.113   2.713464     2.9408      8.003 0.0000e+00
   1082.750     0.6086     59.122   2.713466     2.9410      8.003 0.0000e+00
   1083.000     0.6087     59.122   2.713467     2.9409      8.003 0.0000e+00
   1083.250     0.6087     59.125   2.713467     2.9403      8.003 0.0000e+00
   1083.500     0.6087     59.135   2.713467     2.9397      8.003 0.0000e+00
   1083.750     0.6087     59.138   2.713465     2.9408      8.003 0.0000e+00
   1084.000     0.6086     59.141   2.713463     2.9397      8.003 0.0000e+00
   1084.250     0.6086     59.138   2.713462     2.9401      8.003 0.0000e+00
   1084.500     0.6086     59.141   2.713458     2.9401      8.003 0.0000e+00
   1084.750     0.6086     59.125   2.713455     2.9400      8.003 0.0000e+00
   1085.000     0.6085     59.128   2.713453     2.9409      8.003 0.0000e+00
   1085.250     0.6085     59.122   2.713452     2.9400      8.003 0.0000e+00
   1085.500     0.6085     59.122   2.713452     2.9400      8.003 0.0000e+00
   1085.750     0.6085     59.110   2.713452     2.9400      8.003 0.0000e+00
   1086.000     0.6085     59.113   2.713451     2.9411      8.002 0.0000e+00
   1086.250     0.6084     59.110   2.713448     2.9406      8.002 0.0000e+00
   1086.500     0.6084     59.113   2.713444     2.9407      8.002 0.0000e+00
   1086.750     0.6083     59.101   2.713440     2.9417      8.003 0.0000e+00
   1087.000     0.6083     59.104   2.713438     2.9409      8.003 0.0000e+00
   1087.250     0.6083     59.098   2.713436     2.9413      8.003 0.0000e+00
   1087.500     0.6083     59.101   2.713434     2.9406      8.003 0.0000e+00
   1087.750     0.6083     59.095   2.713434     2.9404      8.003 0.0000e+00
   1088.000     0.6082     59.095   2.713435     2.9400      8.003 0.0000e+00
   1088.250     0.6082     59.086   2.713436     2.9398      8.003 0.0000e+00
   1088.500     0.6083     59.086   2.713436     2.9400      8.003 0.0000e+00
   1088.750     0.6083     59.092   2.713434     2.9406      8.003 0.0000e+00
   1089.000     0.6083     59.083   2.713433     2.9393      8.003 0.0000e+00
   1089.250     0.6083     59.080   2.713431     2.9415      8.003 0.0000e+00
   1089.500     0.6082     59.086   2.713430     2.9403      8.003 0.0000e+00
   1089.750     0.6082     59.089   2.713428     2.9406      8.003 0.0000e+00
   1090.000     0.6082     59.089   2.713428     2.9407      8.003 0.0000e+00
   1090.250     0.6082     59.092   2.713428     2.9404      8.003 0.0000e+00
   1090.500     0.6082     59.095   2.713430     2.9401      8.003 0.0000e+00
   1090.750     0.6083     59.104   2.713429     2.9397      8.003 0.0000e+00
   1091.000     0.6083     59.113   2.713428     2.9407      8.004 0.0000e+00
   1091.250     0.6083     59.116   2.713426     2.9407      8.004 0.0000e+00
   1091.500     0.6083     59.129   2.713425     2.9399      8.004 0.0000e+00
   1091.750     0.6083     59.132   2.713428     2.9405      8.004 0.0000e+00
   1092.000     0.6082     59.135   2.713431     2.9407      8.005 0.0000e+00
   1092.250     0.6082     59.141   2.713435     2.9409      8.005 0.0000e+00
   1092.500     0.6082     59.129   2.713437     2.9400      8.004 0.0000e+00
   1092.750     0.6083     59.135   2.713439     2.9406      8.004 0.0000e+00
   1093.000     0.6083     59.132   2.713440     2.9406      8.003 0.0000e+00
   1093.250     0.6083     59.129   2.713442     2.9389      8.003 0.0000e+00
   1093.500     0.6083     59.129   2.713445     2.9401      8.003 0.0000e+00
   1093.750     0.6083     59.132   2.713449     2.9400      8.004 0.0000e+00
   1094.000     0.6083     59.125   2.713454     2.9398      8.004 0.0000e+00
   1094.250     0.6083     59.129   2.713458     2.9409      8.003 0.0000e+00
   1094.500     0.6083     59.129   2.713462     2.9407      8.003 0.0000e+00
   1094.750     0.6084     59.138   2.713467     2.9403      8.003 0.0000e+00
   1095.000     0.6085     59.129   2.713471     2.9409      8.002 0.0000e+00
   1095.250     0.6085     59.132   2.713474     2.9407      8.003 0.0000e+00
   1095.500     0.6086     59.138   2.713475     2.9412      8.003 0.0000e+00
   1095.750     0.6087     59.138   2.713475     2.9417      8.004 0.0000e+00
   1096.000     0.6087     59.135   2.713474     2.9417      8.005 0.0000e+00
   1096.250     0.6087     59.135   2.713474     2.9417      8.005 0.0000e+00
   1096.500     0.6087     59.132   2.713473     2.9406      8.004 0.0000e+00
   1096.750     0.6087     59.129   2.713472     2.9419      8.004 0.0000e+00
   1097.000     0.6087     59.119   2.713469     2.9418      8.004 0.0000e+00
   1097.250     0.6086     59.113   2.713466     2.9413      8.003 0.0000e+00
   1097.500     0.6086     59.104   2.713463     2.9422      8.004 0.0000e+00
   1097.750     0.6086     59.098   2.713459     2.9417      8.004 0.0000e+00
   1098.000     0.6086     59.098   2.713456     2.9415      8.004 0.0000e+00
   1098.250     0.6085     59.098   2.713452     2.9428      8.004 0.0000e+00
   1098.500     0.6085     59.092   2.713450     2.9424      8.004 0.0000e+00
   1098.750     0.6085     59.095   2.713447     2.9421      8.003 0.0000e+00
   1099.000     0.6085     59.095   2.713444     2.9431      8.003 0.0000e+00
   1099.250     0.6085     59.107   2.713440     2.9426      8.003 0.0000e+00
   1099.500     0.6085     59.110   2.713438     2.9421      8.003 0.0000e+00
   1099.750     0.6085     59.119   2.713438     2.9422      8.003 0.0000e+00
   1100.000     0.6085     59.135   2.713443     2.9441      8.003 0.0000e+00
   1100.250     0.6085     59.132   2.713448     2.9439      8.003 0.0000e+00
   1100.500     0.6085     59.144   2.713455     2.9419      8.004 0.0000e+00
   1100.750     0.6085     59.147   2.713459     2.9436      8.004 0.0000e+00
   1101.000     0.6085     59.153   2.713462     2.9431      8.004 0.0000e+00
   1101.250     0.6085     59.156   2.713464     2.9416      8.005 0.0000e+00
   1101.500     0.6084     59.162   2.713464     2.9416      8.005 0.0000e+00
   1101.750     0.6084     59.153   2.713464     2.9414      8.004 0.0000e+00
   1102.000     0.6085     59.144   2.713464     2.9417      8.004 0.0000e+00
   1102.250     0.6085     59.141   2.713461     2.9414      8.003 0.0000e+00
   1102.500     0.6085     59.138   2.713459     2.9411      8.004 0.0000e+00
   1102.750     0.6085     59.135   2.713458     2.9396      8.004 0.0000e+00
   1103.000     0.6085     59.141   2.713457     2.9409      8.004 0.0000e+00
   1103.250     0.6085     59.138   2.713457     2.9394      8.005 0.0000e+00
   1103.500     0.6086     59.138   2.713458     2.9406      8.004 0.0000e+00
   1103.750     0.6086     59.135   2.713457     2.9401      8.004 0.0000e+00
   1104.000     0.6086     59.135   2.713456     2.9399      8.003 0.0000e+00
   1104.250     0.6086     59.135   2.713453     2.9414      8.003 0.0000e+00
   1104.500     0.6087     59.135   2.713450     2.9409      8.003 0.0000e+00
   1104.750     0.6087     59.132   2.713452     2.9415      8.003 0.0000e+00
   1105.000     0.6087     59.132   2.713456     2.9414      8.004 0.0000e+00
   1105.250     0.6088     59.132   2.713461     2.9417      8.004 0.0000e+00
   1105.500     0.6088     59.132   2.713467     2.9411      8.004 0.0000e+00
   1105.750     0.6088     59.129   2.713469     2.9409      8.005 0.0000e+00
   1106.000     0.6088     59.123   2.713467     2.9422      8.005 0.0000e+00
   1106.250     0.6088     59.123   2.713463     2.9424      8.004 0.0000e+00
   1106.500     0.6087     59.129   2.713457     2.9415      8.004 0.0000e+00
   1106.750     0.6087     59.129   2.713454     2.9419      8.003 0.0000e+00
   1107.000     0.6087     59.129   2.713453     2.9418      8.003 0.0000e+00
   1107.250     0.6087     59.135   2.713455     2.9416      8.003 0.0000e+00
   1107.500     0.6087     59.135   2.713455     2.9417      8.003 0.0000e+00
   1107.750     0.6087     59.135   2.713453     2.9413      8.004 0.0000e+00
   1108.000     0.6087     59.138   2.713450     2.9419      8.004 0.0000e+00
   1108.250     0.6087     59.135   2.713449     2.9422      8.003 0.0000e+00
   1108.500     0.6086     59.138   2.713449     2.9432      8.003 0.0000e+00
   1108.750     0.6086     59.141   2.713452     2.9426      8.002 0.0000e+00
   1109.000     0.6086     59.141   2.713453     2.9416      8.002 0.0000e+00
   1109.250     0.6086     59.132   2.713452     2.9421      8.003 0.0000e+00
   1109.500     0.6086     59.132   2.713451     2.9429      8.004 0.0000e+00
   1109.750     0.6086     59.132   2.713450     2.9422      8.004 0.0000e+00
   1110.000     0.6085     59.129   2.713451     2.9414      8.003 0.0000e+00
   1110.250     0.6086     59.123   2.713454     2.9416      8.003 0.0000e+00
   1110.500     0.6086     59.126   2.713458     2.9414      8.004 0.0000e+00
   1110.750     0.6086     59.120   2.713459     2.9421      8.005 0.0000e+00
   1111.000     0.6087     59.126   2.713459     2.9421      8.005 0.0000e+00
   1111.250     0.6087     59.129   2.713457     2.9422      8.005 0.0000e+00
   1111.500     0.6087     59.126   2.713459     2.9422      8.005 0.0000e+00
   1111.750     0.6087     59.126   2.713462     2.9423      8.004 0.0000e+00
   1112.000     0.6087     59.132   2.713468     2.9436      8.003 0.0000e+00
   1112.250     0.6087     59.135   2.713471     2.9440      8.003 0.0000e+00
   1112.500     0.6087     59.132   2.713473     2.9422      8.003 0.0000e+00
   1112.750     0.6088     59.129   2.713473     2.9429      8.003 0.0000e+00
   1113.000     0.6088     59.120   2.713473     2.9433      8.003 0.0000e+00
   1113.250     0.6089     59.114   2.713472     2.9440      8.003 0.0000e+00
   1113.500     0.6089     59.111   2.713471     2.9432      8.002 0.0000e+00
   1113.750     0.6089     59.107   2.713469     2.9426      8.002 0.0000e+00
   1114.000     0.6088     59.098   2.713465     2.9422      8.002 0.0000e+00
   1114.250     0.6088     59.104   2.713460     2.9426      8.002 0.0000e+00
   1114.500     0.6087     59.104   2.713454     2.9424      8.002 0.0000e+00
   1114.750     0.6087     59.114   2.713449     2.9422      8.002 0.0000e+00
   1115.000     0.6086     59.108   2.713448     2.9433      8.002 0.0000e+00
   1115.250     0.6085     59.114   2.713449     2.9433      8.003 0.0000e+00
   1115.500     0.6085     59.123   2.713451     2.9425      8.004 0.0000e+00
   1115.750     0.6085     59.123   2.713458     2.9423      8.004 0.0000e+00
   1116.000     0.6086     59.132   2.713467     2.9419      8.005 0.0000e+00
   1116.250     0.6086     59.135   2.713476     2.9435      8.006 0.0000e+00
   1116.500     0.6087     59.141   2.713486     2.9413      8.006 0.0000e+00
   1116.750     0.6088     59.141   2.713493     2.9426      8.006 0.0000e+00
   1117.000     0.6089     59.141   2.713496     2.9416      8.005 0.0000e+00
   1117.250     0.6090     59.141   2.713497     2.9421      8.005 0.0000e+00
   1117.500     0.6091     59.141   2.713497     2.9419      8.004 0.0000e+00
   1117.750     0.6092     59.144   2.713499     2.9420      8.004 0.0000e+00
   1118.000     0.6094     59.144   2.713502     2.9416      8.005 0.0000e+00
   1118.250     0.6095     59.141   2.713506     2.9422      8.005 0.0000e+00
   1118.500     0.6096     59.141   2.713510     2.9419      8.005 0.0000e+00
   1118.750     0.6097     59.144   2.713514     2.9414      8.004 0.0000e+00
   1119.000     0.6097     59.147   2.713516     2.9417      8.004 0.0000e+00
   1119.250     0.6097     59.141   2.713515     2.9416      8.004 0.0000e+00
   1119.500     0.6097     59.150   2.713508     2.9429      8.004 0.0000e+00
   1119.750     0.6096     59.147   2.713499     2.9426      8.004 0.0000e+00
   1120.000     0.6094     59.144   2.713488     2.9418      8.005 0.0000e+00
   1120.250     0.6092     59.150   2.713479     2.9419      8.005 0.0000e+00
   1120.500     0.6091     59.141   2.713472     2.9411      8.005 0.0000e+00
   1120.750     0.6090     59.138   2.713464     2.9427      8.005 0.0000e+00
   1121.000     0.6090     59.132   2.713456     2.9405      8.005 0.0000e+00
   1121.250     0.6089     59.129   2.713447     2.9419      8.004 0.0000e+00
   1121.500     0.6088     59.120   2.713438     2.9411      8.004 0.0000e+00
   1121.750     0.6086     59.126   2.713430     2.9407      8.004 0.0000e+00
   1122.000     0.6085     59.126   2.713423     2.9417      8.004 0.0000e+00
   1122.250     0.6083     59.126   2.713414     2.9411      8.003 0.0000e+00
   1122.500     0.6081     59.129   2.713405     2.9413      8.002 0.0000e+00
   1122.750     0.6080     59.126   2.713397     2.9407      8.003 0.0000e+00
   1123.000     0.6078     59.126   2.713392     2.9421      8.003 0.0000e+00
   1123.250     0.6077     59.135   2.713388     2.9415      8.003 0.0000e+00
   1123.500     0.6076     59.135   2.713386     2.9417      8.003 0.0000e+00
   1123.750     0.6075     59.132   2.713386     2.9427      8.002 0.0000e+00
   1124.000     0.6075     59.138   2.713386     2.9409      8.002 0.0000e+00
   1124.250     0.6074     59.135   2.713388     2.9416      8.002 0.0000e+00
   1124.500     0.6074     59.138   2.713391     2.9415      8.002 0.0000e+00
   1124.750     0.6075     59.129   2.713392     2.9406      8.002 0.0000e+00
   1125.000     0.6075     59.135   2.713393     2.9414      8.002 0.0000e+00
   1125.250     0.6075     59.126   2.713392     2.9419      8.003 0.0000e+00
   1125.500     0.6075     59.126   2.713391     2.9414      8.004 0.0000e+00
   1125.750     0.6075     59.129   2.713389     2.9409      8.004 0.0000e+00
   1126.000     0.6075     59.129   2.713389     2.9413      8.004 0.0000e+00
   1126.250     0.6075     59.132   2.713389     2.9416      8.004 0.0000e+00
   1126.500     0.6075     59.129   2.713391     2.9409      8.004 0.0000e+00
   1126.750     0.6075     59.138   2.713392     2.9416      8.004 0.0000e+00
   1127.000     0.6075     59.141   2.713393     2.9409      8.003 0.0000e+00
   1127.250     0.6075     59.138   2.713394     2.9421      8.003 0.0000e+00
   1127.500     0.6076     59.135   2.713395     2.9416      8.003 0.0000e+00
   1127.750     0.6076     59.135   2.713397     2.9414      8.003 0.0000e+00
