assets/demos/compare_filters/SBE19plus_01908106_2023_06_14_0008_raw_gaussian.cnv
* Sea-Bird SBE19plus  Data File:
* FileName = C:\CTD\202301_162_L2\SBE19plus_01908106_2023_06_14_0008.hex
* Software version 2.8.0.119
* Temperature SN = 8106
* Conductivity SN = 8106
* System UpLoad Time = Jun 14 2023 18:20:02
* <ApplicationData>
* <Seaterm232>
# nquan = 7
# nvalues = 10967                       
# units = specified
# name 1 = timeS: Time, Elapsed [seconds]
# name 2 = tv290C: Temperature [ITS-90, deg C]
# name 3 = prdM: Pressure, Strain Gauge [db]
# name 4 = c0S/m: Conductivity [S/m]
# name 5 = sbeox0V: Oxygen raw, SBE 43 [V]
# name 6 = ph: pH
# name 7 = flag:  0.000e+00
# span 0 =      0.000,   2741.500       
# span 1 =     0.5322,     8.4614       
# span 2 =     -0.180,     59.346       
# span 3 =   0.000127,   3.082325       
# span 4 =     1.9284,     3.4923       
# span 5 =      7.235,      8.328       
# span 6 = 0.0000e+00, 0.0000e+00       
# interval = seconds: 0.25
# start_time = Jun 14 2023 15:22:07 [Instrument's time stamp, header]
# bad_flag = -9.990e-29
*END*
[from data line 9026]
   2256.500     0.5430     58.691   2.708185     2.1722      8.011 0.0000e+00
   2256.750     0.5430     58.691   2.708186     2.1704      8.011 0.0000e+00
   2257.000     0.5430     58.685   2.708187     2.1688      8.011 0.0000e+00
   2257.250     0.5430     58.675   2.708185     2.1686      8.010 0.0000e+00
   2257.500     0.5430     58.681   2.708182     2.1678      8.010 0.0000e+00
   2257.750     0.5430     58.678   2.708180     2.1667      8.010 0.0000e+00
   2258.000     0.5430     58.681   2.708178     2.1649      8.011 0.0000e+00
   2258.250     0.5430     58.678   2.708178     2.1641      8.011 0.0000e+00
   2258.500     0.5430     58.669   2.708176     2.1640      8.010 0.0000e+00
   2258.750     0.5431     58.669   2.708174     2.1624      8.009 0.0000e+00
   2259.000     0.5431     58.672   2.708172     2.1633      8.009 0.0000e+00
   2259.250     0.5431     58.669   2.708172     2.1600      8.009 0.0000e+00
   2259.500     0.5430     58.675   2.708176     2.1601      8.010 0.0000e+00
   2259.750     0.5430     58.672   2.708180     2.1578      8.011 0.0000e+00
   2260.000     0.5429     58.675   2.708183     2.1571      8.011 0.0000e+00
   2260.250     0.5429     58.675   2.708182     2.1562      8.011 0.0000e+00
   2260.500     0.5429     58.678   2.708180     2.1547      8.011 0.0000e+00
   2260.750     0.5430     58.681   2.708177     2.1552      8.011 0.0000e+00
   2261.000     0.5430     58.688   2.708176     2.1543      8.010 0.0000e+00
   2261.250     0.5430     58.688   2.708175     2.1521      8.010 0.0000e+00
   2261.500     0.5430     58.681   2.708175     2.1504      8.010 0.0000e+00
   2261.750     0.5430     58.685   2.708173     2.1504      8.010 0.0000e+00
   2262.000     0.5430     58.681   2.708169     2.1487      8.010 0.0000e+00
   2262.250     0.5430     58.678   2.708155     2.1494      8.011 0.0000e+00
   2262.500     0.5430     58.672   2.708127     2.1469      8.011 0.0000e+00
   2262.750     0.5430     58.675   2.708049     2.1469      8.011 0.0000e+00
   2263.000     0.5430     58.675   2.707489     2.1453      8.011 0.0000e+00
   2263.250     0.5430     58.672   2.705976     2.1441      8.010 0.0000e+00
   2263.500     0.5430     58.666   2.703307     2.1434      8.011 0.0000e+00
   2263.750     0.5430     58.663   2.699812     2.1439      8.011 0.0000e+00
   2264.000     0.5430     58.663   2.696447     2.1413      8.011 0.0000e+00
   2264.250     0.5430     58.666   2.694063     2.1409      8.011 0.0000e+00
   2264.500     0.5430     58.672   2.692873     2.1399      8.011 0.0000e+00
   2264.750     0.5430     58.685   2.692650     2.1394      8.011 0.0000e+00
   2265.000     0.5430     58.691   2.693415     2.1383      8.011 0.0000e+00
   2265.250     0.5430     58.700   2.695059     2.1379      8.010 0.0000e+00
   2265.500     0.5430     58.706   2.697074     2.1373      8.010 0.0000e+00
   2265.750     0.5430     58.706   2.698630     2.1370      8.010 0.0000e+00
   2266.000     0.5430     58.712   2.698672     2.1353      8.011 0.0000e+00
   2266.250     0.5429     58.709   2.697174     2.1347      8.011 0.0000e+00
   2266.500     0.5429     58.715   2.695210     2.1334      8.011 0.0000e+00
   2266.750     0.5429     58.718   2.693568     2.1327      8.010 0.0000e+00
   2267.000     0.5429     58.715   2.693142     2.1328      8.010 0.0000e+00
   2267.250     0.5429     58.709   2.694289     2.1310      8.010 0.0000e+00
   2267.500     0.5429     58.706   2.696723     2.1305      8.010 0.0000e+00
   2267.750     0.5429     58.694   2.700198     2.1292      8.010 0.0000e+00
   2268.000     0.5429     58.697   2.703745     2.1294      8.011 0.0000e+00
   2268.250     0.5429     58.688   2.706359     2.1279      8.011 0.0000e+00
   2268.500     0.5429     58.688   2.707760     2.1272      8.010 0.0000e+00
   2268.750     0.5429     58.678   2.708168     2.1257      8.010 0.0000e+00
   2269.000     0.5429     58.678   2.708168     2.1263      8.010 0.0000e+00
   2269.250     0.5429     58.675   2.708167     2.1253      8.010 0.0000e+00
   2269.500     0.5430     58.675   2.708168     2.1241      8.010 0.0000e+00
   2269.750     0.5430     58.678   2.708167     2.1238      8.010 0.0000e+00
   2270.000     0.5430     58.675   2.708168     2.1226      8.010 0.0000e+00
   2270.250     0.5430     58.675   2.708168     2.1229      8.010 0.0000e+00
   2270.500     0.5430     58.681   2.708170     2.1222      8.010 0.0000e+00
   2270.750     0.5429     58.675   2.708171     2.1216      8.011 0.0000e+00
   2271.000     0.5429     58.681   2.708172     2.1199      8.011 0.0000e+00
   2271.250     0.5429     58.685   2.708172     2.1195      8.011 0.0000e+00
   2271.500     0.5430     58.694   2.708171     2.1188      8.011 0.0000e+00
   2271.750     0.5430     58.694   2.708170     2.1189      8.010 0.0000e+00
   2272.000     0.5430     58.691   2.708168     2.1181      8.010 0.0000e+00
   2272.250     0.5430     58.694   2.708167     2.1167      8.010 0.0000e+00
   2272.500     0.5429     58.694   2.708166     2.1165      8.011 0.0000e+00
   2272.750     0.5429     58.694   2.708167     2.1160      8.012 0.0000e+00
   2273.000     0.5429     58.688   2.708169     2.1154      8.012 0.0000e+00
   2273.250     0.5429     58.691   2.708171     2.1143      8.011 0.0000e+00
   2273.500     0.5429     58.688   2.708170     2.1135      8.011 0.0000e+00
   2273.750     0.5429     58.688   2.708166     2.1138      8.010 0.0000e+00
   2274.000     0.5428     58.691   2.708161     2.1126      8.010 0.0000e+00
   2274.250     0.5428     58.682   2.708159     2.1111      8.010 0.0000e+00
   2274.500     0.5428     58.682   2.708160     2.1106      8.009 0.0000e+00
   2274.750     0.5428     58.678   2.708165     2.1112      8.010 0.0000e+00
   2275.000     0.5428     58.678   2.708168     2.1106      8.010 0.0000e+00
   2275.250     0.5429     58.675   2.708171     2.1092      8.011 0.0000e+00
   2275.500     0.5429     58.675   2.708173     2.1087      8.012 0.0000e+00
   2275.750     0.5428     58.694   2.708173     2.1084      8.011 0.0000e+00
   2276.000     0.5428     58.691   2.708173     2.1067      8.011 0.0000e+00
   2276.250     0.5428     58.694   2.708173     2.1062      8.011 0.0000e+00
   2276.500     0.5428     58.703   2.708171     2.1072      8.011 0.0000e+00
   2276.750     0.5429     58.703   2.708171     2.1043      8.012 0.0000e+00
   2277.000     0.5429     58.703   2.708171     2.1056      8.012 0.0000e+00
   2277.250     0.5429     58.709   2.708169     2.1076      8.011 0.0000e+00
   2277.500     0.5429     58.700   2.708167     2.1040      8.011 0.0000e+00
   2277.750     0.5429     58.700   2.708163     2.1039      8.010 0.0000e+00
   2278.000     0.5429     58.691   2.708159     2.0994      8.010 0.0000e+00
   2278.250     0.5429     58.688   2.708159     2.1003      8.011 0.0000e+00
   2278.500     0.5429     58.691   2.708160     2.1005      8.011 0.0000e+00
   2278.750     0.5429     58.685   2.708162     2.1025      8.011 0.0000e+00
   2279.000     0.5428     58.678   2.708163     2.1006      8.011 0.0000e+00
   2279.250     0.5428     58.672   2.708163     2.1005      8.010 0.0000e+00
   2279.500     0.5428     58.666   2.708162     2.0994      8.010 0.0000e+00
   2279.750     0.5427     58.669   2.708160     2.0994      8.010 0.0000e+00
   2280.000     0.5428     58.669   2.708158     2.0987      8.010 0.0000e+00
   2280.250     0.5428     58.669   2.708158     2.0983      8.012 0.0000e+00
   2280.500     0.5428     58.675   2.708159     2.0977      8.012 0.0000e+00
   2280.750     0.5428     58.672   2.708162     2.0963      8.013 0.0000e+00
   2281.000     0.5428     58.672   2.708164     2.0958      8.012 0.0000e+00
   2281.250     0.5428     58.672   2.708166     2.0954      8.011 0.0000e+00
   2281.500     0.5428     58.682   2.708167     2.0951      8.011 0.0000e+00
   2281.750     0.5428     58.678   2.707813     2.0951      8.011 0.0000e+00
   2282.000     0.5428     58.694   2.706457     2.0947      8.011 0.0000e+00
   2282.250     0.5428     58.691   2.703884     2.0945      8.011 0.0000e+00
   2282.500     0.5428     58.697   2.700300     2.0930      8.011 0.0000e+00
   2282.750     0.5428     58.700   2.696704     2.0929      8.011 0.0000e+00
   2283.000     0.5428     58.709   2.694135     2.0920      8.011 0.0000e+00
   2283.250     0.5428     58.715   2.693410     2.0916      8.010 0.0000e+00
   2283.500     0.5428     58.715   2.694231     2.0912      8.009 0.0000e+00
   2283.750     0.5428     58.718   2.695646     2.0897      8.010 0.0000e+00
   2284.000     0.5427     58.721   2.696514     2.0903      8.010 0.0000e+00
   2284.250     0.5427     58.715   2.696168     2.0892      8.010 0.0000e+00
   2284.500     0.5427     58.718   2.694865     2.0896      8.010 0.0000e+00
   2284.750     0.5427     58.715   2.693593     2.0883      8.010 0.0000e+00
   2285.000     0.5427     58.709   2.693314     2.0874      8.011 0.0000e+00
   2285.250     0.5427     58.712   2.694730     2.0876      8.011 0.0000e+00
   2285.500     0.5427     58.700   2.697649     2.0864      8.011 0.0000e+00
   2285.750     0.5427     58.697   2.701226     2.0856      8.011 0.0000e+00
   2286.000     0.5427     58.700   2.704532     2.0869      8.011 0.0000e+00
   2286.250     0.5427     58.700   2.706782     2.0852      8.011 0.0000e+00
   2286.500     0.5427     58.694   2.707896     2.0854      8.011 0.0000e+00
   2286.750     0.5428     58.694   2.708148     2.0842      8.011 0.0000e+00
   2287.000     0.5428     58.697   2.708147     2.0846      8.010 0.0000e+00
   2287.250     0.5428     58.697   2.708149     2.0835      8.011 0.0000e+00
   2287.500     0.5428     58.697   2.708153     2.0832      8.011 0.0000e+00
   2287.750     0.5427     58.706   2.708156     2.0822      8.011 0.0000e+00
   2288.000     0.5427     58.694   2.708157     2.0836      8.010 0.0000e+00
   2288.250     0.5427     58.691   2.708156     2.0818      8.010 0.0000e+00
   2288.500     0.5427     58.694   2.708154     2.0823      8.010 0.0000e+00
   2288.750     0.5427     58.700   2.708152     2.0810      8.010 0.0000e+00
   2289.000     0.5427     58.706   2.708150     2.0803      8.011 0.0000e+00
   2289.250     0.5427     58.709   2.708150     2.0794      8.011 0.0000e+00
   2289.500     0.5427     58.709   2.708151     2.0796      8.011 0.0000e+00
   2289.750     0.5427     58.703   2.708153     2.0794      8.011 0.0000e+00
   2290.000     0.5427     58.712   2.708153     2.0782      8.011 0.0000e+00
   2290.250     0.5427     58.715   2.708151     2.0797      8.011 0.0000e+00
   2290.500     0.5427     58.721   2.708149     2.0784      8.011 0.0000e+00
   2290.750     0.5427     58.721   2.708149     2.0777      8.012 0.0000e+00
   2291.000     0.5427     58.709   2.708150     2.0763      8.011 0.0000e+00
   2291.250     0.5427     58.715   2.708152     2.0761      8.011 0.0000e+00
   2291.500     0.5427     58.721   2.708152     2.0761      8.011 0.0000e+00
   2291.750     0.5427     58.736   2.708152     2.0755      8.011 0.0000e+00
   2292.000     0.5427     58.755   2.708150     2.0744      8.012 0.0000e+00
   2292.250     0.5427     58.761   2.708148     2.0745      8.012 0.0000e+00
   2292.500     0.5427     58.776   2.708145     2.0742      8.012 0.0000e+00
   2292.750     0.5427     58.758   2.708143     2.0734      8.012 0.0000e+00
   2293.000     0.5427     58.782   2.708144     2.0735      8.012 0.0000e+00
   2293.250     0.5427     58.791   2.708148     2.0738      8.012 0.0000e+00
   2293.500     0.5427     58.803   2.708154     2.0707      8.012 0.0000e+00
   2293.750     0.5427     58.815   2.708160     2.0718      8.012 0.0000e+00
   2294.000     0.5427     58.824   2.708162     2.0710      8.011 0.0000e+00
   2294.250     0.5427     58.843   2.708160     2.0707      8.011 0.0000e+00
   2294.500     0.5427     58.864   2.708156     2.0713      8.011 0.0000e+00
   2294.750     0.5427     58.867   2.708153     2.0707      8.011 0.0000e+00
   2295.000     0.5427     58.873   2.708153     2.0699      8.011 0.0000e+00
   2295.250     0.5427     58.894   2.708155     2.0699      8.011 0.0000e+00
   2295.500     0.5426     58.900   2.708159     2.0679      8.011 0.0000e+00
   2295.750     0.5427     58.910   2.708162     2.0675      8.010 0.0000e+00
   2296.000     0.5427     58.922   2.708163     2.0684      8.010 0.0000e+00
   2296.250     0.5427     58.913   2.708163     2.0679      8.011 0.0000e+00
   2296.500     0.5427     58.928   2.708162     2.0671      8.011 0.0000e+00
   2296.750     0.5427     58.928   2.708160     2.0670      8.012 0.0000e+00
   2297.000     0.5427     58.937   2.708158     2.0651      8.013 0.0000e+00
   2297.250     0.5427     58.940   2.708157     2.0655      8.012 0.0000e+00
   2297.500     0.5427     58.955   2.708158     2.0646      8.011 0.0000e+00
   2297.750     0.5426     58.946   2.708160     2.0647      8.010 0.0000e+00
   2298.000     0.5426     58.946   2.708161     2.0636      8.009 0.0000e+00
   2298.250     0.5426     58.955   2.708160     2.0632      8.009 0.0000e+00
   2298.500     0.5426     58.952   2.708156     2.0632      8.009 0.0000e+00
   2298.750     0.5426     58.952   2.708152     2.0626      8.010 0.0000e+00
   2299.000     0.5426     58.952   2.708149     2.0626      8.011 0.0000e+00
   2299.250     0.5426     58.964   2.708147     2.0622      8.011 0.0000e+00
   2299.500     0.5426     58.946   2.708147     2.0608      8.011 0.0000e+00
   2299.750     0.5426     58.967   2.708148     2.0614      8.010 0.0000e+00
   2300.000     0.5426     58.958   2.708151     2.0606      8.010 0.0000e+00
   2300.250     0.5426     58.967   2.708155     2.0600      8.010 0.0000e+00
   2300.500     0.5426     58.958   2.708159     2.0603      8.011 0.0000e+00
   2300.750     0.5426     58.955   2.708162     2.0606      8.011 0.0000e+00
   2301.000     0.5426     58.958   2.708162     2.0594      8.011 0.0000e+00
   2301.250     0.5426     58.964   2.708159     2.0587      8.011 0.0000e+00
   2301.500     0.5426     58.958   2.708155     2.0579      8.011 0.0000e+00
   2301.750     0.5426     58.955   2.708152     2.0578      8.012 0.0000e+00
   2302.000     0.5426     58.955   2.708151     2.0575      8.012 0.0000e+00
   2302.250     0.5426     58.964   2.708152     2.0572      8.012 0.0000e+00
   2302.500     0.5426     58.958   2.708154     2.0562      8.011 0.0000e+00
   2302.750     0.5427     58.970   2.708156     2.0570      8.011 0.0000e+00
   2303.000     0.5427     58.961   2.708159     2.0556      8.010 0.0000e+00
   2303.250     0.5426     58.964   2.708161     2.0550      8.010 0.0000e+00
   2303.500     0.5426     58.970   2.708162     2.0552      8.010 0.0000e+00
   2303.750     0.5426     58.976   2.708161     2.0549      8.010 0.0000e+00
   2304.000     0.5426     58.980   2.708159     2.0551      8.011 0.0000e+00
   2304.250     0.5426     58.973   2.708157     2.0541      8.011 0.0000e+00
   2304.500     0.5426     58.992   2.708158     2.0531      8.011 0.0000e+00
   2304.750     0.5426     58.998   2.708160     2.0532      8.011 0.0000e+00
   2305.000     0.5426     58.992   2.708162     2.0519      8.010 0.0000e+00
   2305.250     0.5426     59.004   2.708163     2.0513      8.010 0.0000e+00
   2305.500     0.5426     59.007   2.708162     2.0515      8.010 0.0000e+00
   2305.750     0.5426     59.007   2.708160     2.0507      8.011 0.0000e+00
   2306.000     0.5426     58.998   2.708158     2.0500      8.011 0.0000e+00
   2306.250     0.5426     59.001   2.708156     2.0517      8.010 0.0000e+00
   2306.500     0.5426     58.998   2.708154     2.0523      8.010 0.0000e+00
   2306.750     0.5426     58.989   2.708151     2.0483      8.011 0.0000e+00
   2307.000     0.5425     58.989   2.708148     2.0497      8.011 0.0000e+00
   2307.250     0.5425     58.989   2.708146     2.0488      8.011 0.0000e+00
