assets/demos/compare_filters/SBE19plus_01908106_2023_06_14_0008_raw_boxcar.cnv
* Sea-Bird SBE19plus  Data File:
* FileName = C:\CTD\202301_162_L2\SBE19plus_01908106_2023_06_14_0008.hex
* Software version 2.8.0.119
* Temperature SN = 8106
* Conductivity SN = 8106
* System UpLoad Time = Jun 14 2023 18:20:02
* <ApplicationData>
* <Seaterm232>
# nquan = 7
# nvalues = 10967                       
# units = specified
# name 1 = timeS: Time, Elapsed [seconds]
# name 2 = tv290C: Temperature [ITS-90, deg C]
# name 3 = prdM: Pressure, Strain Gauge [db]
# name 4 = c0S/m: Conductivity [S/m]
# name 5 = sbeox0V: Oxygen raw, SBE 43 [V]
# name 6 = ph: pH
# name 7 = flag:  0.000e+00
# span 0 =      0.000,   2741.500       
# span 1 =     0.5322,     8.4614       
# span 2 =     -0.180,     59.346       
# span 3 =   0.000127,   3.081936       
# span 4 =     1.9284,     3.4923       
# span 5 =      7.239,      8.328       
# span 6 = 0.0000e+00, 0.0000e+00       
# interval = seconds: 0.25
# start_time = Jun 14 2023 15:22:07 [Instrument's time stamp, header]
# bad_flag = -9.990e-29
*END*
[from data line 1642]
    410.500     0.6941     54.005   2.719507     2.9451      7.994 0.0000e+00
    410.750     0.6942     54.045   2.719457     2.9460      7.994 0.0000e+00
    411.000     0.6940     54.087   2.719393     2.9457      7.995 0.0000e+00
    411.250     0.6934     54.133   2.719326     2.9449      7.995 0.0000e+00
    411.500     0.6924     54.182   2.719243     2.9450      7.996 0.0000e+00
    411.750     0.6912     54.230   2.719158     2.9452      7.996 0.0000e+00
    412.000     0.6899     54.270   2.719081     2.9446      7.996 0.0000e+00
    412.250     0.6887     54.319   2.719032     2.9457      7.997 0.0000e+00
    412.500     0.6877     54.358   2.719004     2.9448      7.995 0.0000e+00
    412.750     0.6871     54.407   2.718990     2.9454      7.995 0.0000e+00
    413.000     0.6866     54.449   2.718983     2.9445      7.995 0.0000e+00
    413.250     0.6862     54.495   2.718990     2.9444      7.995 0.0000e+00
    413.500     0.6860     54.550   2.718996     2.9442      7.995 0.0000e+00
    413.750     0.6861     54.580   2.718976     2.9449      7.996 0.0000e+00
    414.000     0.6861     54.620   2.718956     2.9442      7.996 0.0000e+00
    414.250     0.6860     54.653   2.718938     2.9441      7.995 0.0000e+00
    414.500     0.6858     54.696   2.718921     2.9437      7.995 0.0000e+00
    414.750     0.6854     54.735   2.718901     2.9440      7.994 0.0000e+00
    415.000     0.6849     54.778   2.718889     2.9424      7.993 0.0000e+00
    415.250     0.6845     54.814   2.718886     2.9440      7.993 0.0000e+00
    415.500     0.6844     54.860   2.718903     2.9426      7.994 0.0000e+00
    415.750     0.6845     54.905   2.718921     2.9432      7.994 0.0000e+00
    416.000     0.6848     54.945   2.718941     2.9431      7.995 0.0000e+00
    416.250     0.6851     54.987   2.718967     2.9434      7.996 0.0000e+00
    416.500     0.6853     55.042   2.718987     2.9426      7.995 0.0000e+00
    416.750     0.6856     55.079   2.718978     2.9426      7.994 0.0000e+00
    417.000     0.6857     55.121   2.718946     2.9429      7.994 0.0000e+00
    417.250     0.6857     55.167   2.718925     2.9422      7.994 0.0000e+00
    417.500     0.6856     55.209   2.718908     2.9418      7.994 0.0000e+00
    417.750     0.6852     55.252   2.718896     2.9427      7.995 0.0000e+00
    418.000     0.6848     55.285   2.718885     2.9432      7.994 0.0000e+00
    418.250     0.6844     55.325   2.718877     2.9423      7.995 0.0000e+00
    418.500     0.6842     55.355   2.718891     2.9426      7.995 0.0000e+00
    418.750     0.6842     55.404   2.718926     2.9414      7.995 0.0000e+00
    419.000     0.6845     55.437   2.718956     2.9418      7.995 0.0000e+00
    419.250     0.6848     55.471   2.718991     2.9407      7.996 0.0000e+00
    419.500     0.6852     55.498   2.719013     2.9411      7.995 0.0000e+00
    419.750     0.6855     55.532   2.718998     2.9421      7.995 0.0000e+00
    420.000     0.6858     55.571   2.718941     2.9414      7.995 0.0000e+00
    420.250     0.6859     55.611   2.718861     2.9429      7.995 0.0000e+00
    420.500     0.6854     55.653   2.718756     2.9428      7.995 0.0000e+00
    420.750     0.6845     55.681   2.718638     2.9422      7.995 0.0000e+00
    421.000     0.6830     55.717   2.718509     2.9429      7.995 0.0000e+00
    421.250     0.6812     55.751   2.718380     2.9413      7.995 0.0000e+00
    421.500     0.6792     55.784   2.718278     2.9415      7.995 0.0000e+00
    421.750     0.6776     55.817   2.718220     2.9435      7.995 0.0000e+00
    422.000     0.6763     55.857   2.718177     2.9432      7.996 0.0000e+00
    422.250     0.6754     55.893   2.718153     2.9429      7.996 0.0000e+00
    422.500     0.6748     55.930   2.718136     2.9431      7.995 0.0000e+00
    422.750     0.6745     55.963   2.718119     2.9416      7.995 0.0000e+00
    423.000     0.6742     56.006   2.718119     2.9448      7.995 0.0000e+00
    423.250     0.6740     56.042   2.718136     2.9435      7.995 0.0000e+00
    423.500     0.6739     56.085   2.718155     2.9441      7.995 0.0000e+00
    423.750     0.6739     56.128   2.718178     2.9451      7.995 0.0000e+00
    424.000     0.6741     56.170   2.718222     2.9439      7.995 0.0000e+00
    424.250     0.6744     56.207   2.718276     2.9442      7.995 0.0000e+00
    424.500     0.6750     56.246   2.718341     2.9452      7.994 0.0000e+00
    424.750     0.6757     56.295   2.718393     2.9456      7.993 0.0000e+00
    425.000     0.6764     56.325   2.718424     2.9451      7.993 0.0000e+00
    425.250     0.6771     56.356   2.718441     2.9450      7.994 0.0000e+00
    425.500     0.6777     56.392   2.718441     2.9454      7.994 0.0000e+00
    425.750     0.6781     56.429   2.718421     2.9463      7.994 0.0000e+00
    426.000     0.6781     56.465   2.718396     2.9460      7.995 0.0000e+00
    426.250     0.6778     56.483   2.718365     2.9452      7.995 0.0000e+00
    426.500     0.6774     56.514   2.718344     2.9452      7.995 0.0000e+00
    426.750     0.6768     56.550   2.718332     2.9447      7.995 0.0000e+00
    427.000     0.6764     56.581   2.718340     2.9452      7.996 0.0000e+00
    427.250     0.6763     56.608   2.718364     2.9442      7.995 0.0000e+00
    427.500     0.6764     56.635   2.718396     2.9451      7.995 0.0000e+00
    427.750     0.6768     56.669   2.718429     2.9441      7.994 0.0000e+00
    428.000     0.6772     56.696   2.718469     2.9447      7.993 0.0000e+00
    428.250     0.6777     56.733   2.718507     2.9435      7.993 0.0000e+00
    428.500     0.6781     56.772   2.718543     2.9440      7.994 0.0000e+00
    428.750     0.6785     56.796   2.718577     2.9442      7.994 0.0000e+00
    429.000     0.6789     56.824   2.718622     2.9451      7.995 0.0000e+00
    429.250     0.6793     56.857   2.718663     2.9451      7.995 0.0000e+00
    429.500     0.6799     56.882   2.718686     2.9448      7.995 0.0000e+00
    429.750     0.6804     56.912   2.718659     2.9445      7.995 0.0000e+00
    430.000     0.6808     56.939   2.718633     2.9429      7.995 0.0000e+00
    430.250     0.6808     56.964   2.718603     2.9444      7.994 0.0000e+00
    430.500     0.6805     56.985   2.718567     2.9437      7.994 0.0000e+00
    430.750     0.6799     57.003   2.718490     2.9422      7.995 0.0000e+00
    431.000     0.6791     57.037   2.718393     2.9424      7.995 0.0000e+00
    431.250     0.6782     57.049   2.718281     2.9427      7.994 0.0000e+00
    431.500     0.6773     57.082   2.718245     2.9429      7.994 0.0000e+00
    431.750     0.6762     57.107   2.718211     2.9422      7.994 0.0000e+00
    432.000     0.6752     57.137   2.718183     2.9416      7.994 0.0000e+00
    432.250     0.6744     57.167   2.718155     2.9427      7.994 0.0000e+00
    432.500     0.6739     57.198   2.718164     2.9419      7.995 0.0000e+00
    432.750     0.6738     57.225   2.718218     2.9416      7.995 0.0000e+00
    433.000     0.6742     57.268   2.718306     2.9427      7.995 0.0000e+00
    433.250     0.6748     57.295   2.718355     2.9419      7.994 0.0000e+00
    433.500     0.6756     57.323   2.718370     2.9414      7.993 0.0000e+00
    433.750     0.6762     57.344   2.718384     2.9426      7.992 0.0000e+00
    434.000     0.6767     57.380   2.718393     2.9428      7.992 0.0000e+00
    434.250     0.6770     57.414   2.718385     2.9432      7.992 0.0000e+00
    434.500     0.6770     57.438   2.718373     2.9427      7.993 0.0000e+00
    434.750     0.6767     57.465   2.718370     2.9434      7.994 0.0000e+00
    435.000     0.6763     57.493   2.718405     2.9426      7.994 0.0000e+00
    435.250     0.6762     57.520   2.718456     2.9439      7.993 0.0000e+00
    435.500     0.6766     57.554   2.718496     2.9429      7.994 0.0000e+00
    435.750     0.6773     57.572   2.718524     2.9441      7.994 0.0000e+00
    436.000     0.6781     57.602   2.718561     2.9440      7.994 0.0000e+00
    436.250     0.6788     57.630   2.718565     2.9445      7.994 0.0000e+00
    436.500     0.6792     57.660   2.718549     2.9436      7.995 0.0000e+00
    436.750     0.6791     57.684   2.718498     2.9449      7.996 0.0000e+00
    437.000     0.6787     57.715   2.718457     2.9436      7.995 0.0000e+00
    437.250     0.6781     57.739   2.718428     2.9434      7.995 0.0000e+00
    437.500     0.6776     57.763   2.718422     2.9447      7.996 0.0000e+00
    437.750     0.6772     57.794   2.718422     2.9440      7.995 0.0000e+00
    438.000     0.6770     57.815   2.718430     2.9451      7.994 0.0000e+00
    438.250     0.6770     57.842   2.718446     2.9433      7.994 0.0000e+00
    438.500     0.6771     57.867   2.718474     2.9452      7.994 0.0000e+00
    438.750     0.6774     57.891   2.718508     2.9439      7.994 0.0000e+00
    439.000     0.6776     57.912   2.718541     2.9448      7.995 0.0000e+00
    439.250     0.6780     57.931   2.718570     2.9445      7.995 0.0000e+00
    439.500     0.6784     57.955   2.718576     2.9432      7.994 0.0000e+00
    439.750     0.6788     57.973   2.718564     2.9444      7.994 0.0000e+00
    440.000     0.6791     57.998   2.718553     2.9434      7.993 0.0000e+00
    440.250     0.6792     58.016   2.718517     2.9426      7.993 0.0000e+00
    440.500     0.6789     58.028   2.718454     2.9438      7.994 0.0000e+00
    440.750     0.6783     58.049   2.718367     2.9431      7.994 0.0000e+00
    441.000     0.6775     58.074   2.718267     2.9438      7.994 0.0000e+00
    441.250     0.6764     58.089   2.718181     2.9422      7.995 0.0000e+00
    441.500     0.6752     58.101   2.718096     2.9432      7.995 0.0000e+00
    441.750     0.6740     58.119   2.717993     2.9426      7.995 0.0000e+00
    442.000     0.6728     58.134   2.717900     2.9434      7.995 0.0000e+00
    442.250     0.6715     58.162   2.717814     2.9430      7.994 0.0000e+00
    442.500     0.6703     58.177   2.717760     2.9439      7.993 0.0000e+00
    442.750     0.6692     58.195   2.717706     2.9435      7.994 0.0000e+00
    443.000     0.6683     58.216   2.717656     2.9444      7.994 0.0000e+00
    443.250     0.6674     58.229   2.717630     2.9443      7.994 0.0000e+00
    443.500     0.6669     58.259   2.717623     2.9454      7.994 0.0000e+00
    443.750     0.6665     58.274   2.717638     2.9445      7.995 0.0000e+00
    444.000     0.6663     58.292   2.717687     2.9451      7.995 0.0000e+00
    444.250     0.6663     58.317   2.717721     2.9445      7.994 0.0000e+00
    444.500     0.6667     58.326   2.717766     2.9432      7.994 0.0000e+00
    444.750     0.6673     58.344   2.717802     2.9433      7.993 0.0000e+00
    445.000     0.6680     58.356   2.717836     2.9437      7.993 0.0000e+00
    445.250     0.6686     58.372   2.717860     2.9442      7.993 0.0000e+00
    445.500     0.6691     58.384   2.717860     2.9441      7.993 0.0000e+00
    445.750     0.6693     58.390   2.717826     2.9440      7.994 0.0000e+00
    446.000     0.6693     58.405   2.717808     2.9439      7.993 0.0000e+00
    446.250     0.6690     58.408   2.717791     2.9442      7.994 0.0000e+00
    446.500     0.6686     58.417   2.717782     2.9439      7.994 0.0000e+00
    446.750     0.6684     58.432   2.717780     2.9432      7.994 0.0000e+00
    447.000     0.6682     58.432   2.717786     2.9438      7.994 0.0000e+00
    447.250     0.6682     58.442   2.717803     2.9442      7.995 0.0000e+00
    447.500     0.6683     58.448   2.717814     2.9442      7.995 0.0000e+00
    447.750     0.6686     58.457   2.717817     2.9447      7.994 0.0000e+00
    448.000     0.6688     58.463   2.717811     2.9432      7.994 0.0000e+00
    448.250     0.6689     58.469   2.717805     2.9441      7.995 0.0000e+00
    448.500     0.6687     58.484   2.717796     2.9444      7.995 0.0000e+00
    448.750     0.6685     58.493   2.717790     2.9446      7.995 0.0000e+00
    449.000     0.6683     58.499   2.717781     2.9441      7.994 0.0000e+00
    449.250     0.6681     58.508   2.717787     2.9454      7.994 0.0000e+00
    449.500     0.6681     58.521   2.717793     2.9444      7.994 0.0000e+00
    449.750     0.6683     58.530   2.717802     2.9448      7.994 0.0000e+00
    450.000     0.6684     58.548   2.717805     2.9445      7.994 0.0000e+00
    450.250     0.6686     58.560   2.717805     2.9445      7.995 0.0000e+00
    450.500     0.6686     58.572   2.717805     2.9445      7.995 0.0000e+00
    450.750     0.6686     58.588   2.717805     2.9438      7.994 0.0000e+00
    451.000     0.6686     58.606   2.717805     2.9438      7.994 0.0000e+00
    451.250     0.6686     58.621   2.717799     2.9445      7.994 0.0000e+00
    451.500     0.6686     58.633   2.717796     2.9447      7.993 0.0000e+00
    451.750     0.6686     58.651   2.717787     2.9444      7.994 0.0000e+00
    452.000     0.6685     58.673   2.717768     2.9438      7.994 0.0000e+00
    452.250     0.6684     58.685   2.717734     2.9460      7.993 0.0000e+00
    452.500     0.6681     58.703   2.717697     2.9448      7.993 0.0000e+00
    452.750     0.6677     58.718   2.717657     2.9449      7.993 0.0000e+00
    453.000     0.6672     58.730   2.717620     2.9455      7.993 0.0000e+00
    453.250     0.6666     58.740   2.717575     2.9445      7.993 0.0000e+00
    453.500     0.6661     58.755   2.717538     2.9441      7.993 0.0000e+00
    453.750     0.6656     58.761   2.717518     2.9456      7.993 0.0000e+00
    454.000     0.6652     58.764   2.717497     2.9437      7.994 0.0000e+00
    454.250     0.6649     58.764   2.717486     2.9447      7.994 0.0000e+00
    454.500     0.6646     58.764   2.717471     2.9435      7.993 0.0000e+00
    454.750     0.6643     58.764   2.717457     2.9447      7.993 0.0000e+00
    455.000     0.6642     58.749   2.717445     2.9437      7.993 0.0000e+00
    455.250     0.6641     58.752   2.717424     2.9441      7.993 0.0000e+00
    455.500     0.6639     58.743   2.717397     2.9436      7.993 0.0000e+00
    455.750     0.6636     58.740   2.717386     2.9434      7.994 0.0000e+00
    456.000     0.6634     58.743   2.717375     2.9445      7.994 0.0000e+00
    456.250     0.6631     58.737   2.717372     2.9445      7.994 0.0000e+00
    456.500     0.6629     58.737   2.717390     2.9442      7.994 0.0000e+00
    456.750     0.6629     58.737   2.717436     2.9456      7.995 0.0000e+00
    457.000     0.6631     58.743   2.717502     2.9448      7.994 0.0000e+00
    457.250     0.6636     58.752   2.717565     2.9453      7.993 0.0000e+00
    457.500     0.6643     58.758   2.717602     2.9449      7.993 0.0000e+00
    457.750     0.6652     58.758   2.717629     2.9454      7.993 0.0000e+00
    458.000     0.6659     58.767   2.717646     2.9451      7.992 0.0000e+00
    458.250     0.6664     58.767   2.717625     2.9454      7.993 0.0000e+00
    458.500     0.6665     58.776   2.717579     2.9441      7.994 0.0000e+00
    458.750     0.6661     58.785   2.717522     2.9447      7.994 0.0000e+00
    459.000     0.6655     58.797   2.717470     2.9448      7.994 0.0000e+00
    459.250     0.6648     58.800   2.717433     2.9444      7.994 0.0000e+00
    459.500     0.6642     58.807   2.717407     2.9452      7.993 0.0000e+00
    459.750     0.6637     58.819   2.717396     2.9447      7.993 0.0000e+00
    460.000     0.6633     58.837   2.717421     2.9450      7.994 0.0000e+00
    460.250     0.6632     58.843   2.717453     2.9444      7.993 0.0000e+00
    460.500     0.6634     58.864   2.717493     2.9447      7.994 0.0000e+00
    460.750     0.6638     58.870   2.717535     2.9445      7.994 0.0000e+00
    461.000     0.6643     58.889   2.717581     2.9448      7.993 0.0000e+00
    461.250     0.6649     58.895   2.717637     2.9444      7.993 0.0000e+00
