assets/demos/compare_filters/SBE19plus_01908106_2023_06_14_0008_raw_median.cnv
* Sea-Bird SBE19plus  Data File:
* FileName = C:\CTD\202301_162_L2\SBE19plus_01908106_2023_06_14_0008.hex
* Software version 2.8.0.119
* Temperature SN = 8106
* Conductivity SN = 8106
* System UpLoad Time = Jun 14 2023 18:20:02
* <ApplicationData>
* <Seaterm232>
# nquan = 7
# nvalues = 10967                       
# units = specified
# name 1 = timeS: Time, Elapsed [seconds]
# name 2 = tv290C: Temperature [ITS-90, deg C]
# name 3 = prdM: Pressure, Strain Gauge [db]
# name 4 = c0S/m: Conductivity [S/m]
# name 5 = sbeox0V: Oxygen raw, SBE 43 [V]
# name 6 = ph: pH
# name 7 = flag:  0.000e+00
# span 0 =      0.000,   2741.500       
# span 1 =     0.5322,     8.4612       
# span 2 =     -0.180,     59.346       
# span 3 =   0.000127,   3.081833       
# span 4 =     1.9284,     3.4923       
# span 5 =      7.246,      8.328       
# span 6 = 0.0000e+00, 0.0000e+00       
# interval = seconds: 0.25
# start_time = Jun 14 2023 15:22:07 [Instrument's time stamp, header]
# bad_flag = -9.990e-29
*END*
[from data line 5539]
   1384.750     0.5947     59.058   2.712448     2.9386      8.006 0.0000e+00
   1385.000     0.5946     59.052   2.712448     2.9384      8.006 0.0000e+00
   1385.250     0.5946     59.058   2.712412     2.9384      8.006 0.0000e+00
   1385.500     0.5943     59.055   2.712406     2.9390      8.006 0.0000e+00
   1385.750     0.5941     59.049   2.712388     2.9387      8.005 0.0000e+00
   1386.000     0.5940     59.043   2.712388     2.9397      8.004 0.0000e+00
   1386.250     0.5939     59.064   2.712388     2.9387      8.005 0.0000e+00
   1386.500     0.5937     59.052   2.712370     2.9384      8.006 0.0000e+00
   1386.750     0.5937     59.055   2.712364     2.9393      8.006 0.0000e+00
   1387.000     0.5935     59.052   2.712364     2.9403      8.006 0.0000e+00
   1387.250     0.5934     59.055   2.712364     2.9397      8.006 0.0000e+00
   1387.500     0.5934     59.049   2.712364     2.9386      8.006 0.0000e+00
   1387.750     0.5934     59.055   2.712364     2.9384      8.006 0.0000e+00
   1388.000     0.5933     59.055   2.712364     2.9376      8.005 0.0000e+00
   1388.250     0.5933     59.055   2.712364     2.9390      8.005 0.0000e+00
   1388.500     0.5933     59.061   2.712364     2.9377      8.005 0.0000e+00
   1388.750     0.5933     59.055   2.712364     2.9385      8.005 0.0000e+00
   1389.000     0.5934     59.061   2.712364     2.9384      8.005 0.0000e+00
   1389.250     0.5934     59.058   2.712364     2.9377      8.005 0.0000e+00
   1389.500     0.5934     59.055   2.712364     2.9379      8.005 0.0000e+00
   1389.750     0.5934     59.049   2.712364     2.9371      8.005 0.0000e+00
   1390.000     0.5934     59.043   2.712364     2.9382      8.006 0.0000e+00
   1390.250     0.5934     59.037   2.712364     2.9375      8.006 0.0000e+00
   1390.500     0.5934     59.037   2.712364     2.9371      8.006 0.0000e+00
   1390.750     0.5934     59.037   2.712364     2.9370      8.006 0.0000e+00
   1391.000     0.5934     59.037   2.712364     2.9376      8.006 0.0000e+00
   1391.250     0.5934     59.037   2.712352     2.9368      8.005 0.0000e+00
   1391.500     0.5934     59.031   2.712364     2.9368      8.005 0.0000e+00
   1391.750     0.5934     59.031   2.712364     2.9371      8.006 0.0000e+00
   1392.000     0.5934     59.037   2.712364     2.9371      8.006 0.0000e+00
   1392.250     0.5934     59.037   2.712364     2.9381      8.005 0.0000e+00
   1392.500     0.5934     59.043   2.712364     2.9373      8.005 0.0000e+00
   1392.750     0.5935     59.031   2.712364     2.9384      8.005 0.0000e+00
   1393.000     0.5935     59.037   2.712370     2.9371      8.005 0.0000e+00
   1393.250     0.5935     59.040   2.712388     2.9372      8.005 0.0000e+00
   1393.500     0.5935     59.040   2.712388     2.9376      8.005 0.0000e+00
   1393.750     0.5936     59.028   2.712394     2.9375      8.005 0.0000e+00
   1394.000     0.5937     59.025   2.712406     2.9388      8.005 0.0000e+00
   1394.250     0.5937     59.025   2.712406     2.9377      8.005 0.0000e+00
   1394.500     0.5939     59.025   2.712412     2.9390      8.005 0.0000e+00
   1394.750     0.5939     59.028   2.712430     2.9376      8.005 0.0000e+00
   1395.000     0.5940     59.022   2.712430     2.9374      8.006 0.0000e+00
   1395.250     0.5942     59.028   2.712430     2.9380      8.006 0.0000e+00
   1395.500     0.5943     59.028   2.712448     2.9381      8.006 0.0000e+00
   1395.750     0.5943     59.037   2.712448     2.9374      8.006 0.0000e+00
   1396.000     0.5945     59.034   2.712448     2.9371      8.005 0.0000e+00
   1396.250     0.5946     59.037   2.712448     2.9374      8.005 0.0000e+00
   1396.500     0.5947     59.040   2.712472     2.9377      8.006 0.0000e+00
   1396.750     0.5948     59.040   2.712472     2.9379      8.006 0.0000e+00
   1397.000     0.5948     59.046   2.712472     2.9378      8.005 0.0000e+00
   1397.250     0.5949     59.043   2.712472     2.9377      8.006 0.0000e+00
   1397.500     0.5949     59.049   2.712472     2.9381      8.005 0.0000e+00
   1397.750     0.5949     59.043   2.712472     2.9390      8.005 0.0000e+00
   1398.000     0.5949     59.049   2.712406     2.9371      8.004 0.0000e+00
   1398.250     0.5946     59.052   2.712406     2.9374      8.004 0.0000e+00
   1398.500     0.5942     59.052   2.712394     2.9381      8.004 0.0000e+00
   1398.750     0.5940     59.046   2.712388     2.9387      8.004 0.0000e+00
   1399.000     0.5940     59.040   2.712388     2.9386      8.004 0.0000e+00
   1399.250     0.5938     59.043   2.712364     2.9384      8.006 0.0000e+00
   1399.500     0.5936     59.043   2.712352     2.9396      8.006 0.0000e+00
   1399.750     0.5936     59.040   2.712352     2.9386      8.005 0.0000e+00
   1400.000     0.5934     59.037   2.712346     2.9393      8.005 0.0000e+00
   1400.250     0.5933     59.031   2.712346     2.9402      8.005 0.0000e+00
   1400.500     0.5932     59.037   2.712346     2.9393      8.004 0.0000e+00
   1400.750     0.5932     59.034   2.712346     2.9396      8.005 0.0000e+00
   1401.000     0.5932     59.031   2.712346     2.9410      8.004 0.0000e+00
   1401.250     0.5932     59.037   2.712346     2.9391      8.005 0.0000e+00
   1401.500     0.5932     59.028   2.712346     2.9400      8.005 0.0000e+00
   1401.750     0.5932     59.031   2.712352     2.9394      8.005 0.0000e+00
   1402.000     0.5931     59.031   2.712346     2.9400      8.004 0.0000e+00
   1402.250     0.5931     59.031   2.712346     2.9397      8.004 0.0000e+00
   1402.500     0.5931     59.028   2.712346     2.9397      8.004 0.0000e+00
   1402.750     0.5931     59.028   2.712346     2.9396      8.003 0.0000e+00
   1403.000     0.5931     59.019   2.712346     2.9403      8.003 0.0000e+00
   1403.250     0.5931     59.019   2.712346     2.9403      8.002 0.0000e+00
   1403.500     0.5931     59.013   2.712322     2.9397      8.002 0.0000e+00
   1403.750     0.5931     59.016   2.712322     2.9394      8.004 0.0000e+00
   1404.000     0.5931     59.022   2.712334     2.9397      8.005 0.0000e+00
   1404.250     0.5931     59.025   2.712334     2.9400      8.005 0.0000e+00
   1404.500     0.5931     59.025   2.712322     2.9393      8.005 0.0000e+00
   1404.750     0.5929     59.022   2.712322     2.9397      8.006 0.0000e+00
   1405.000     0.5929     59.031   2.712304     2.9390      8.006 0.0000e+00
   1405.250     0.5929     59.022   2.712304     2.9400      8.005 0.0000e+00
   1405.500     0.5928     59.022   2.712292     2.9381      8.005 0.0000e+00
   1405.750     0.5928     59.022   2.712292     2.9396      8.005 0.0000e+00
   1406.000     0.5927     59.028   2.712280     2.9397      8.004 0.0000e+00
   1406.250     0.5927     59.022   2.712280     2.9387      8.004 0.0000e+00
   1406.500     0.5925     59.028   2.712280     2.9396      8.004 0.0000e+00
   1406.750     0.5925     59.019   2.712280     2.9393      8.004 0.0000e+00
   1407.000     0.5925     59.016   2.712280     2.9386      8.004 0.0000e+00
   1407.250     0.5925     59.013   2.712280     2.9394      8.005 0.0000e+00
   1407.500     0.5924     59.010   2.712280     2.9392      8.005 0.0000e+00
   1407.750     0.5924     59.013   2.712280     2.9384      8.005 0.0000e+00
   1408.000     0.5924     59.016   2.712280     2.9397      8.005 0.0000e+00
   1408.250     0.5924     59.010   2.712280     2.9380      8.005 0.0000e+00
   1408.500     0.5924     59.010   2.712280     2.9370      8.005 0.0000e+00
   1408.750     0.5924     59.016   2.712280     2.9396      8.004 0.0000e+00
   1409.000     0.5925     59.016   2.712304     2.9377      8.004 0.0000e+00
   1409.250     0.5925     59.025   2.712304     2.9387      8.004 0.0000e+00
   1409.500     0.5926     59.022   2.712304     2.9373      8.004 0.0000e+00
   1409.750     0.5926     59.022   2.712304     2.9388      8.004 0.0000e+00
   1410.000     0.5927     59.025   2.712310     2.9390      8.006 0.0000e+00
   1410.250     0.5928     59.031   2.712322     2.9386      8.007 0.0000e+00
   1410.500     0.5928     59.040   2.712322     2.9382      8.007 0.0000e+00
   1410.750     0.5928     59.037   2.712322     2.9384      8.007 0.0000e+00
   1411.000     0.5928     59.031   2.712310     2.9381      8.007 0.0000e+00
   1411.250     0.5928     59.040   2.712322     2.9390      8.006 0.0000e+00
   1411.500     0.5929     59.043   2.712310     2.9397      8.006 0.0000e+00
   1411.750     0.5928     59.043   2.712310     2.9390      8.006 0.0000e+00
   1412.000     0.5929     59.043   2.712304     2.9395      8.006 0.0000e+00
   1412.250     0.5929     59.046   2.712304     2.9401      8.006 0.0000e+00
   1412.500     0.5928     59.046   2.712304     2.9390      8.006 0.0000e+00
   1412.750     0.5928     59.037   2.712304     2.9391      8.007 0.0000e+00
   1413.000     0.5928     59.040   2.712304     2.9400      8.006 0.0000e+00
   1413.250     0.5928     59.037   2.712304     2.9401      8.007 0.0000e+00
   1413.500     0.5929     59.040   2.712310     2.9390      8.007 0.0000e+00
   1413.750     0.5929     59.034   2.712322     2.9381      8.007 0.0000e+00
   1414.000     0.5930     59.034   2.712322     2.9390      8.006 0.0000e+00
   1414.250     0.5930     59.034   2.712322     2.9380      8.007 0.0000e+00
   1414.500     0.5930     59.031   2.712322     2.9390      8.004 0.0000e+00
   1414.750     0.5930     59.031   2.712322     2.9382      8.004 0.0000e+00
   1415.000     0.5930     59.022   2.712322     2.9383      8.006 0.0000e+00
   1415.250     0.5930     59.019   2.712310     2.9386      8.006 0.0000e+00
   1415.500     0.5929     59.016   2.712310     2.9384      8.006 0.0000e+00
   1415.750     0.5928     59.019   2.712304     2.9383      8.006 0.0000e+00
   1416.000     0.5928     59.007   2.712304     2.9394      8.006 0.0000e+00
   1416.250     0.5928     59.004   2.712304     2.9387      8.006 0.0000e+00
   1416.500     0.5928     59.001   2.712304     2.9377      8.006 0.0000e+00
   1416.750     0.5927     59.007   2.712292     2.9368      8.005 0.0000e+00
   1417.000     0.5926     59.007   2.712292     2.9379      8.005 0.0000e+00
   1417.250     0.5925     59.016   2.712280     2.9391      8.005 0.0000e+00
   1417.500     0.5925     59.019   2.712280     2.9385      8.005 0.0000e+00
   1417.750     0.5925     59.022   2.712280     2.9388      8.006 0.0000e+00
   1418.000     0.5924     59.028   2.712280     2.9393      8.006 0.0000e+00
   1418.250     0.5924     59.034   2.712292     2.9387      8.006 0.0000e+00
   1418.500     0.5924     59.031   2.712304     2.9393      8.006 0.0000e+00
   1418.750     0.5925     59.028   2.712304     2.9401      8.006 0.0000e+00
   1419.000     0.5925     59.028   2.712304     2.9397      8.006 0.0000e+00
   1419.250     0.5926     59.034   2.712304     2.9399      8.005 0.0000e+00
   1419.500     0.5926     59.025   2.712304     2.9386      8.005 0.0000e+00
   1419.750     0.5927     59.019   2.712304     2.9396      8.005 0.0000e+00
   1420.000     0.5927     59.010   2.712304     2.9393      8.005 0.0000e+00
   1420.250     0.5927     58.995   2.712292     2.9400      8.006 0.0000e+00
   1420.500     0.5926     58.998   2.712280     2.9393      8.006 0.0000e+00
   1420.750     0.5925     58.995   2.712280     2.9400      8.006 0.0000e+00
   1421.000     0.5924     58.995   2.712280     2.9404      8.006 0.0000e+00
   1421.250     0.5924     58.988   2.712280     2.9381      8.005 0.0000e+00
   1421.500     0.5924     58.985   2.712280     2.9394      8.005 0.0000e+00
   1421.750     0.5923     58.985   2.712280     2.9396      8.005 0.0000e+00
   1422.000     0.5923     58.992   2.712280     2.9397      8.006 0.0000e+00
   1422.250     0.5923     59.001   2.712280     2.9400      8.006 0.0000e+00
   1422.500     0.5923     59.004   2.712280     2.9407      8.006 0.0000e+00
   1422.750     0.5923     59.019   2.712280     2.9407      8.005 0.0000e+00
   1423.000     0.5924     59.019   2.712280     2.9387      8.005 0.0000e+00
   1423.250     0.5924     59.028   2.712280     2.9397      8.005 0.0000e+00
   1423.500     0.5924     59.028   2.712280     2.9403      8.005 0.0000e+00
   1423.750     0.5924     59.031   2.712280     2.9403      8.005 0.0000e+00
   1424.000     0.5924     59.037   2.712280     2.9403      8.007 0.0000e+00
   1424.250     0.5924     59.031   2.712280     2.9391      8.007 0.0000e+00
   1424.500     0.5924     59.037   2.712280     2.9401      8.007 0.0000e+00
   1424.750     0.5924     59.034   2.712280     2.9397      8.007 0.0000e+00
   1425.000     0.5924     59.031   2.712274     2.9396      8.004 0.0000e+00
   1425.250     0.5924     59.028   2.712274     2.9390      8.004 0.0000e+00
   1425.500     0.5924     59.034   2.712274     2.9401      8.006 0.0000e+00
   1425.750     0.5924     59.028   2.712274     2.9389      8.005 0.0000e+00
   1426.000     0.5924     59.028   2.712274     2.9401      8.006 0.0000e+00
   1426.250     0.5924     59.034   2.712274     2.9387      8.006 0.0000e+00
   1426.500     0.5923     59.031   2.712274     2.9376      8.006 0.0000e+00
   1426.750     0.5923     59.022   2.712280     2.9393      8.006 0.0000e+00
   1427.000     0.5923     59.028   2.712280     2.9400      8.006 0.0000e+00
   1427.250     0.5923     59.028   2.712280     2.9384      8.006 0.0000e+00
   1427.500     0.5923     59.031   2.712274     2.9387      8.006 0.0000e+00
   1427.750     0.5923     59.031   2.712280     2.9380      8.006 0.0000e+00
   1428.000     0.5924     59.028   2.712280     2.9387      8.006 0.0000e+00
   1428.250     0.5924     59.034   2.712280     2.9390      8.006 0.0000e+00
   1428.500     0.5924     59.025   2.712280     2.9393      8.006 0.0000e+00
   1428.750     0.5924     59.025   2.712280     2.9390      8.006 0.0000e+00
   1429.000     0.5925     59.022   2.712304     2.9376      8.006 0.0000e+00
   1429.250     0.5925     59.019   2.712304     2.9384      8.006 0.0000e+00
   1429.500     0.5925     59.025   2.712304     2.9388      8.006 0.0000e+00
   1429.750     0.5925     59.013   2.712304     2.9386      8.005 0.0000e+00
   1430.000     0.5926     59.025   2.712310     2.9381      8.006 0.0000e+00
   1430.250     0.5926     59.019   2.712310     2.9386      8.004 0.0000e+00
   1430.500     0.5927     59.025   2.712310     2.9386      8.006 0.0000e+00
   1430.750     0.5928     59.019   2.712310     2.9372      8.006 0.0000e+00
   1431.000     0.5928     59.016   2.712310     2.9384      8.006 0.0000e+00
   1431.250     0.5929     59.013   2.712310     2.9386      8.006 0.0000e+00
   1431.500     0.5929     59.016   2.712310     2.9378      8.006 0.0000e+00
   1431.750     0.5929     59.010   2.712322     2.9368      8.006 0.0000e+00
   1432.000     0.5930     59.001   2.712322     2.9373      8.006 0.0000e+00
   1432.250     0.5930     59.001   2.712322     2.9384      8.006 0.0000e+00
   1432.500     0.5930     59.007   2.712322     2.9383      8.006 0.0000e+00
   1432.750     0.5930     58.998   2.712322     2.9372      8.006 0.0000e+00
   1433.000     0.5930     59.007   2.712334     2.9387      8.006 0.0000e+00
   1433.250     0.5931     59.004   2.712334     2.9386      8.006 0.0000e+00
   1433.500     0.5931     59.007   2.712334     2.9386      8.005 0.0000e+00
   1433.750     0.5931     59.004   2.712334     2.9390      8.006 0.0000e+00
   1434.000     0.5931     59.013   2.712346     2.9380      8.006 0.0000e+00
   1434.250     0.5931     59.019   2.712346     2.9393      8.005 0.0000e+00
   1434.500     0.5931     59.022   2.712346     2.9393      8.006 0.0000e+00
   1434.750     0.5932     59.031   2.712346     2.9382      8.006 0.0000e+00
   1435.000     0.5932     59.028   2.712346     2.9381      8.005 0.0000e+00
   1435.250     0.5933     59.037   2.712346     2.9380      8.005 0.0000e+00
   1435.500     0.5933     59.040   2.712346     2.9387      8.005 0.0000e+00
