doc/2021_06_24_0001.cnv
* Sea-Bird SBE19plus  Data File:
* FileName = C:\CTD\202101_162_L2\2021_06_24\2021_06_24_0001.hex
* Software version 2.8.0.119
* Temperature SN = 8102
* Conductivity SN = 8102
* System UpLoad Time = Jun 24 2021 18:22:26
* <ApplicationData>
* <Seaterm232>
# nquan = 5
# nvalues = 10617
# units = specified
# name 1 = timeS: Time, Elapsed [seconds]
# name 2 = tv290C: Temperature [ITS-90, deg C]
# name 3 = prdM: Pressure, Strain Gauge [db]
# name 4 = c0S/m: Conductivity [S/m]
# name 5 = flag:  0.000e+00
# span 1 =          0,       2654
# span 2 =     3.8765,     7.2604
# span 3 =     -0.435,     37.648
# span 4 =  -0.262408,   3.048236
# span 5 =          0,          0
# interval = seconds: 0.25
# start_time = Jun 24 2021 06:58:37 [Instrument's time stamp, header]
# bad_flag = -9.990e-29
*END*
[from data line 8572]
   2143.000     3.8845     36.969   2.962532        0.0
   2143.250     3.8846     36.963   2.962557        0.0
   2143.500     3.8846     36.948   2.962532        0.0
   2143.750     3.8845     36.936   2.962489        0.0
   2144.000     3.8842     36.927   2.962507        0.0
   2144.250     3.8841     36.914   2.962489        0.0
   2144.500     3.8840     36.914   2.962489        0.0
   2144.750     3.8840     36.911   2.962489        0.0
   2145.000     3.8839     36.908   2.962507        0.0
   2145.250     3.8841     36.899   2.962507        0.0
   2145.500     3.8839     36.899   2.962489        0.0
   2145.750     3.8840     36.902   2.962464        0.0
   2146.000     3.8841     36.890   2.962489        0.0
   2146.250     3.8841     36.887   2.962507        0.0
   2146.500     3.8841     36.869   2.962507        0.0
   2146.750     3.8842     36.860   2.962507        0.0
   2147.000     3.8839     36.850   2.962446        0.0
   2147.250     3.8839     36.853   2.962464        0.0
   2147.500     3.8838     36.853   2.962446        0.0
   2147.750     3.8837     36.859   2.962446        0.0
   2148.000     3.8835     36.868   2.962446        0.0
   2148.250     3.8835     36.878   2.962421        0.0
   2148.500     3.8832     36.884   2.962446        0.0
   2148.750     3.8833     36.896   2.962464        0.0
   2149.000     3.8833     36.896   2.962335        0.0
   2149.250     3.8834     36.890   2.962403        0.0
   2149.500     3.8834     36.890   2.962421        0.0
   2149.750     3.8833     36.884   2.962446        0.0
   2150.000     3.8833     36.878   2.962446        0.0
   2150.250     3.8833     36.871   2.962421        0.0
   2150.500     3.8831     36.865   2.962421        0.0
   2150.750     3.8830     36.868   2.962421        0.0
   2151.000     3.8830     36.878   2.962464        0.0
   2151.250     3.8832     36.890   2.962446        0.0
   2151.500     3.8834     36.902   2.962489        0.0
   2151.750     3.8836     36.902   2.962489        0.0
   2152.000     3.8839     36.902   2.962618        0.0
   2152.250     3.8847     36.905   2.962532        0.0
   2152.500     3.8851     36.918   2.962618        0.0
   2152.750     3.8854     36.921   2.962575        0.0
   2153.000     3.8855     36.921   2.962507        0.0
   2153.250     3.8851     36.936   2.962446        0.0
   2153.500     3.8842     36.921   2.962421        0.0
   2153.750     3.8838     36.912   2.962446        0.0
   2154.000     3.8836     36.918   2.962489        0.0
   2154.250     3.8838     36.893   2.962600        0.0
   2154.500     3.8847     36.893   2.962618        0.0
   2154.750     3.8855     36.896   2.962618        0.0
   2155.000     3.8859     36.878   2.962600        0.0
   2155.250     3.8862     36.875   2.962668        0.0
   2155.500     3.8865     36.866   2.962668        0.0
   2155.750     3.8866     36.863   2.962618        0.0
   2156.000     3.8863     36.872   2.962600        0.0
   2156.250     3.8861     36.869   2.962618        0.0
   2156.500     3.8860     36.863   2.962668        0.0
   2156.750     3.8861     36.853   2.962618        0.0
   2157.000     3.8861     36.857   2.962557        0.0
   2157.250     3.8859     36.872   2.962532        0.0
   2157.500     3.8855     36.890   2.962489        0.0
   2157.750     3.8850     36.899   2.962489        0.0
   2158.000     3.8845     36.899   2.962489        0.0
   2158.250     3.8845     36.896   2.962489        0.0
   2158.500     3.8844     36.893   2.962507        0.0
   2158.750     3.8842     36.896   2.962464        0.0
   2159.000     3.8841     36.896   2.962464        0.0
   2159.250     3.8839     36.893   2.962532        0.0
   2159.500     3.8840     36.875   2.962507        0.0
   2159.750     3.8843     36.863   2.962507        0.0
   2160.000     3.8843     36.857   2.962464        0.0
   2160.250     3.8841     36.844   2.962421        0.0
   2160.500     3.8838     36.841   2.962421        0.0
   2160.750     3.8837     36.841   2.962446        0.0
   2161.000     3.8837     36.844   2.962403        0.0
   2161.250     3.8836     36.850   2.962446        0.0
   2161.500     3.8835     36.866   2.962421        0.0
   2161.750     3.8836     36.881   2.962446        0.0
   2162.000     3.8836     36.896   2.962446        0.0
   2162.250     3.8836     36.902   2.962464        0.0
   2162.500     3.8836     36.921   2.962446        0.0
   2162.750     3.8836     36.921   2.962464        0.0
   2163.000     3.8836     36.911   2.962464        0.0
   2163.250     3.8837     36.902   2.962489        0.0
   2163.500     3.8838     36.890   2.962446        0.0
   2163.750     3.8838     36.884   2.962421        0.0
   2164.000     3.8836     36.860   2.962421        0.0
   2164.250     3.8833     36.854   2.962421        0.0
   2164.500     3.8835     36.848   2.962532        0.0
   2164.750     3.8844     36.842   2.962643        0.0
   2165.000     3.8853     36.857   2.962557        0.0
   2165.250     3.8853     36.869   2.962378        0.0
   2165.500     3.8846     36.884   2.962421        0.0
   2165.750     3.8841     36.909   2.962421        0.0
   2166.000     3.8837     36.909   2.962421        0.0
   2166.250     3.8836     36.930   2.962378        0.0
   2166.500     3.8834     36.945   2.962446        0.0
   2166.750     3.8833     36.936   2.962403        0.0
   2167.000     3.8832     36.942   2.962378        0.0
   2167.250     3.8831     36.924   2.962421        0.0
   2167.500     3.8832     36.927   2.962421        0.0
   2167.750     3.8833     36.912   2.962403        0.0
   2168.000     3.8833     36.894   2.962403        0.0
   2168.250     3.8831     36.872   2.962403        0.0
   2168.500     3.8830     36.854   2.962403        0.0
   2168.750     3.8831     36.839   2.962446        0.0
   2169.000     3.8834     36.814   2.962446        0.0
   2169.250     3.8836     36.793   2.962403        0.0
   2169.500     3.8835     36.775   2.962557        0.0
   2169.750     3.8841     36.759   2.962557        0.0
   2170.000     3.8847     36.759   2.962446        0.0
   2170.250     3.8845     36.768   2.962421        0.0
   2170.500     3.8843     36.768   2.962532        0.0
   2170.750     3.8845     36.793   2.962507        0.0
   2171.000     3.8846     36.817   2.962446        0.0
   2171.250     3.8842     36.848   2.962421        0.0
   2171.500     3.8839     36.872   2.962403        0.0
   2171.750     3.8836     36.894   2.962353        0.0
   2172.000     3.8831     36.921   2.962403        0.0
   2172.250     3.8829     36.948   2.962403        0.0
   2172.500     3.8828     36.954   2.962353        0.0
   2172.750     3.8827     36.954   2.962292        0.0
   2173.000     3.8824     36.961   2.962292        0.0
   2173.250     3.8821     36.961   2.962310        0.0
   2173.500     3.8819     36.955   2.962310        0.0
   2173.750     3.8818     36.949   2.962292        0.0
   2174.000     3.8818     36.952   2.962378        0.0
   2174.250     3.8820     36.955   2.962378        0.0
   2174.500     3.8824     36.946   2.962507        0.0
   2174.750     3.8833     36.943   2.962575        0.0
   2175.000     3.8843     36.940   2.962643        0.0
   2175.250     3.8852     36.943   2.962575        0.0
   2175.500     3.8856     36.949   2.962618        0.0
   2175.750     3.8861     36.930   2.962668        0.0
   2176.000     3.8863     36.949   2.962421        0.0
   2176.250     3.8854     36.952   2.962310        0.0
   2176.500     3.8840     36.952   2.962378        0.0
   2176.750     3.8832     36.973   2.962403        0.0
   2177.000     3.8831     36.976   2.962421        0.0
   2177.250     3.8830     36.979   2.962446        0.0
   2177.500     3.8834     36.976   2.962489        0.0
   2177.750     3.8840     36.979   2.962507        0.0
   2178.000     3.8844     36.964   2.962446        0.0
   2178.250     3.8842     36.952   2.962403        0.0
   2178.500     3.8836     36.952   2.962335        0.0
   2178.750     3.8831     36.930   2.962335        0.0
   2179.000     3.8829     36.927   2.962464        0.0
   2179.250     3.8833     36.924   2.962421        0.0
   2179.500     3.8834     36.921   2.962421        0.0
   2179.750     3.8836     36.903   2.962403        0.0
   2180.000     3.8835     36.903   2.962403        0.0
   2180.250     3.8835     36.881   2.962403        0.0
   2180.500     3.8833     36.881   2.962378        0.0
   2180.750     3.8832     36.869   2.962378        0.0
   2181.000     3.8831     36.872   2.962378        0.0
   2181.250     3.8829     36.869   2.962421        0.0
   2181.500     3.8833     36.881   2.962446        0.0
   2181.750     3.8834     36.881   2.962403        0.0
   2182.000     3.8835     36.899   2.962378        0.0
   2182.250     3.8834     36.893   2.962353        0.0
   2182.500     3.8831     36.915   2.962335        0.0
   2182.750     3.8828     36.915   2.962353        0.0
   2183.000     3.8826     36.921   2.962378        0.0
   2183.250     3.8826     36.936   2.962353        0.0
   2183.500     3.8825     36.948   2.962353        0.0
   2183.750     3.8824     36.948   2.962335        0.0
   2184.000     3.8823     36.960   2.962310        0.0
   2184.250     3.8823     36.954   2.962335        0.0
   2184.500     3.8822     36.951   2.962353        0.0
   2184.750     3.8822     36.963   2.962292        0.0
   2185.000     3.8821     36.960   2.962292        0.0
   2185.250     3.8820     36.957   2.962310        0.0
   2185.500     3.8818     36.957   2.962310        0.0
   2185.750     3.8818     36.960   2.962292        0.0
   2186.000     3.8817     36.957   2.962310        0.0
   2186.250     3.8818     36.954   2.962403        0.0
   2186.500     3.8824     36.957   2.962403        0.0
   2186.750     3.8830     36.954   2.962403        0.0
   2187.000     3.8830     36.967   2.962378        0.0
   2187.250     3.8830     36.970   2.962378        0.0
   2187.500     3.8829     36.967   2.962353        0.0
   2187.750     3.8828     36.964   2.962310        0.0
   2188.000     3.8825     36.970   2.962310        0.0
   2188.250     3.8824     36.964   2.962292        0.0
   2188.500     3.8822     36.955   2.962292        0.0
   2188.750     3.8819     36.958   2.962292        0.0
   2189.000     3.8819     36.949   2.962335        0.0
   2189.250     3.8822     36.924   2.962464        0.0
   2189.500     3.8830     36.897   2.962686        0.0
   2189.750     3.8848     36.888   2.962686        0.0
   2190.000     3.8863     36.866   2.962575        0.0
   2190.250     3.8862     36.860   2.962489        0.0
   2190.500     3.8856     36.854   2.962507        0.0
   2190.750     3.8853     36.860   2.962421        0.0
   2191.000     3.8845     36.872   2.962335        0.0
   2191.250     3.8837     36.878   2.962532        0.0
   2191.500     3.8844     36.890   2.962729        0.0
   2191.750     3.8858     36.893   2.962729        0.0
   2192.000     3.8869     36.905   2.962600        0.0
   2192.250     3.8868     36.918   2.962489        0.0
   2192.500     3.8859     36.930   2.962421        0.0
   2192.750     3.8852     36.924   2.962600        0.0
   2193.000     3.8855     36.933   2.962686        0.0
   2193.250     3.8862     36.927   2.962643        0.0
   2193.500     3.8866     36.930   2.962600        0.0
   2193.750     3.8865     36.936   2.962557        0.0
   2194.000     3.8862     36.936   2.962557        0.0
   2194.250     3.8858     36.927   2.962532        0.0
   2194.500     3.8856     36.933   2.962464        0.0
   2194.750     3.8851     36.933   2.962403        0.0
   2195.000     3.8844     36.939   2.962353        0.0
   2195.250     3.8838     36.933   2.962310        0.0
   2195.500     3.8830     36.939   2.962310        0.0
   2195.750     3.8826     36.945   2.962353        0.0
   2196.000     3.8827     36.954   2.962353        0.0
   2196.250     3.8825     36.963   2.962335        0.0
   2196.500     3.8825     36.939   2.962292        0.0
   2196.750     3.8823     36.939   2.962378        0.0
   2197.000     3.8826     36.939   2.962421        0.0
   2197.250     3.8831     36.917   2.962446        0.0
   2197.500     3.8838     36.918   2.962507        0.0
   2197.750     3.8843     36.905   2.962464        0.0
   2198.000     3.8844     36.899   2.962378        0.0
   2198.250     3.8839     36.893   2.962335        0.0
   2198.500     3.8833     36.899   2.962335        0.0
   2198.750     3.8829     36.905   2.962335        0.0
   2199.000     3.8825     36.915   2.962335        0.0
   2199.250     3.8824     36.933   2.962292        0.0
   2199.500     3.8822     36.954   2.962310        0.0
   2199.750     3.8820     36.975   2.962292        0.0
   2200.000     3.8819     36.988   2.962267        0.0
   2200.250     3.8817     36.997   2.962292        0.0
   2200.500     3.8817     36.997   2.962267        0.0
   2200.750     3.8816     36.988   2.962267        0.0
   2201.000     3.8815     36.976   2.962267        0.0
   2201.250     3.8813     36.954   2.962242        0.0
   2201.500     3.8814     36.918   2.962242        0.0
   2201.750     3.8813     36.896   2.962199        0.0
   2202.000     3.8809     36.869   2.962199        0.0
   2202.250     3.8807     36.845   2.962199        0.0
   2202.500     3.8806     36.811   2.962181        0.0
   2202.750     3.8805     36.787   2.962224        0.0
   2203.000     3.8805     36.774   2.962199        0.0
   2203.250     3.8806     36.777   2.962199        0.0
   2203.500     3.8807     36.805   2.962181        0.0
   2203.750     3.8807     36.814   2.962199        0.0
   2204.000     3.8806     36.854   2.962199        0.0
   2204.250     3.8806     36.854   2.962224        0.0
   2204.500     3.8806     36.912   2.962199        0.0
   2204.750     3.8807     36.921   2.962224        0.0
   2205.000     3.8809     36.924   2.962242        0.0
   2205.250     3.8810     36.933   2.962224        0.0
   2205.500     3.8810     36.921   2.962224        0.0
   2205.750     3.8809     36.912   2.962199        0.0
   2206.000     3.8808     36.909   2.962224        0.0
   2206.250     3.8808     36.899   2.962310        0.0
   2206.500     3.8815     36.881   2.962310        0.0
   2206.750     3.8818     36.872   2.962292        0.0
   2207.000     3.8821     36.869   2.962292        0.0
   2207.250     3.8819     36.878   2.962310        0.0
   2207.500     3.8821     36.884   2.962292        0.0
   2207.750     3.8821     36.903   2.962310        0.0
   2208.000     3.8819     36.924   2.962267        0.0
   2208.250     3.8818     36.927   2.962242        0.0
   2208.500     3.8816     36.955   2.962310        0.0
   2208.750     3.8816     36.967   2.962310        0.0
   2209.000     3.8818     37.000   2.962267        0.0
   2209.250     3.8818     37.004   2.962335        0.0
   2209.500     3.8820     37.007   2.962292        0.0
   2209.750     3.8821     37.025   2.962353        0.0
   2210.000     3.8824     37.007   2.962353        0.0
   2210.250     3.8828     37.010   2.962353        0.0
   2210.500     3.8828     37.001   2.962310        0.0
   2210.750     3.8827     36.988   2.962378        0.0
   2211.000     3.8829     36.973   2.962421        0.0
   2211.250     3.8834     36.964   2.962446        0.0
   2211.500     3.8837     36.958   2.962403        0.0
   2211.750     3.8836     36.955   2.962464        0.0
   2212.000     3.8840     36.955   2.962507        0.0
   2212.250     3.8846     36.954   2.962575        0.0
   2212.500     3.8852     36.961   2.962643        0.0
   2212.750     3.8859     36.948   2.962464        0.0
   2213.000     3.8855     36.961   2.962464        0.0
   2213.250     3.8851     36.964   2.962464        0.0
   2213.500     3.8847     36.957   2.962421        0.0
   2213.750     3.8842     36.961   2.962403        0.0
   2214.000     3.8839     36.963   2.962310        0.0
