doc/2021_06_24_0001.cnv
* Sea-Bird SBE19plus  Data File:
* FileName = C:\CTD\202101_162_L2\2021_06_24\2021_06_24_0001.hex
* Software version 2.8.0.119
* Temperature SN = 8102
* Conductivity SN = 8102
* System UpLoad Time = Jun 24 2021 18:22:26
* <ApplicationData>
* <Seaterm232>
# nquan = 5
# nvalues = 10617
# units = specified
# name 1 = timeS: Time, Elapsed [seconds]
# name 2 = tv290C: Temperature [ITS-90, deg C]
# name 3 = prdM: Pressure, Strain Gauge [db]
# name 4 = c0S/m: Conductivity [S/m]
# name 5 = flag:  0.000e+00
# span 1 =          0,       2654
# span 2 =     3.8765,     7.2604
# span 3 =     -0.435,     37.648
# span 4 =  -0.262408,   3.048236
# span 5 =          0,          0
# interval = seconds: 0.25
# start_time = Jun 24 2021 06:58:37 [Instrument's time stamp, header]
# bad_flag = -9.990e-29
*END*
[from data line 6572]
   1643.000     3.9092     36.716   2.964370        0.0
   1643.250     3.9090     36.713   2.964345        0.0
   1643.500     3.9089     36.719   2.964438        0.0
   1643.750     3.9091     36.734   2.964610        0.0
   1644.000     3.9100     36.743   2.964635        0.0
   1644.250     3.9108     36.758   2.964635        0.0
   1644.500     3.9113     36.774   2.964635        0.0
   1644.750     3.9114     36.792   2.964549        0.0
   1645.000     3.9111     36.807   2.964499        0.0
   1645.250     3.9107     36.832   2.964481        0.0
   1645.500     3.9103     36.826   2.964481        0.0
   1645.750     3.9101     36.844   2.964481        0.0
   1646.000     3.9099     36.844   2.964456        0.0
   1646.250     3.9098     36.853   2.964438        0.0
   1646.500     3.9095     36.859   2.964413        0.0
   1646.750     3.9092     36.853   2.964413        0.0
   1647.000     3.9092     36.856   2.964413        0.0
   1647.250     3.9091     36.841   2.964438        0.0
   1647.500     3.9090     36.844   2.964438        0.0
   1647.750     3.9090     36.847   2.964481        0.0
   1648.000     3.9093     36.835   2.964592        0.0
   1648.250     3.9101     36.829   2.964567        0.0
   1648.500     3.9105     36.822   2.964481        0.0
   1648.750     3.9108     36.813   2.964549        0.0
   1649.000     3.9106     36.789   2.964456        0.0
   1649.250     3.9103     36.792   2.964413        0.0
   1649.500     3.9098     36.786   2.964438        0.0
   1649.750     3.9095     36.789   2.964438        0.0
   1650.000     3.9093     36.761   2.964456        0.0
   1650.250     3.9095     36.764   2.964499        0.0
   1650.500     3.9097     36.761   2.964481        0.0
   1650.750     3.9098     36.761   2.964438        0.0
   1651.000     3.9096     36.749   2.964438        0.0
   1651.250     3.9094     36.758   2.964413        0.0
   1651.500     3.9093     36.752   2.964438        0.0
   1651.750     3.9092     36.743   2.964370        0.0
   1652.000     3.9093     36.740   2.964438        0.0
   1652.250     3.9092     36.734   2.964395        0.0
   1652.500     3.9091     36.725   2.964370        0.0
   1652.750     3.9090     36.734   2.964370        0.0
   1653.000     3.9088     36.722   2.964413        0.0
   1653.250     3.9089     36.716   2.964438        0.0
   1653.500     3.9091     36.713   2.964438        0.0
   1653.750     3.9092     36.734   2.964438        0.0
   1654.000     3.9092     36.737   2.964481        0.0
   1654.250     3.9096     36.734   2.964567        0.0
   1654.500     3.9100     36.749   2.964549        0.0
   1654.750     3.9102     36.768   2.964524        0.0
   1655.000     3.9103     36.777   2.964524        0.0
   1655.250     3.9103     36.789   2.964635        0.0
   1655.500     3.9108     36.811   2.964635        0.0
   1655.750     3.9111     36.832   2.964635        0.0
   1656.000     3.9113     36.841   2.964610        0.0
   1656.250     3.9112     36.838   2.964592        0.0
   1656.500     3.9112     36.856   2.964567        0.0
   1656.750     3.9109     36.856   2.964567        0.0
   1657.000     3.9109     36.853   2.964524        0.0
   1657.250     3.9106     36.847   2.964499        0.0
   1657.500     3.9103     36.850   2.964481        0.0
   1657.750     3.9100     36.829   2.964456        0.0
   1658.000     3.9099     36.817   2.964481        0.0
   1658.250     3.9097     36.807   2.964438        0.0
   1658.500     3.9096     36.774   2.964481        0.0
   1658.750     3.9096     36.752   2.964549        0.0
   1659.000     3.9100     36.728   2.964481        0.0
   1659.250     3.9098     36.704   2.964499        0.0
   1659.500     3.9100     36.688   2.964678        0.0
   1659.750     3.9107     36.679   2.964678        0.0
   1660.000     3.9115     36.670   2.964635        0.0
   1660.250     3.9116     36.664   2.964610        0.0
   1660.500     3.9114     36.670   2.964499        0.0
   1660.750     3.9108     36.682   2.964413        0.0
   1661.000     3.9101     36.697   2.964413        0.0
   1661.250     3.9095     36.719   2.964413        0.0
   1661.500     3.9091     36.719   2.964413        0.0
   1661.750     3.9089     36.740   2.964395        0.0
   1662.000     3.9089     36.755   2.964438        0.0
   1662.250     3.9090     36.765   2.964395        0.0
   1662.500     3.9090     36.786   2.964370        0.0
   1662.750     3.9087     36.801   2.964395        0.0
   1663.000     3.9086     36.810   2.964370        0.0
   1663.250     3.9084     36.819   2.964345        0.0
   1663.500     3.9083     36.832   2.964345        0.0
   1663.750     3.9083     36.838   2.964327        0.0
   1664.000     3.9084     36.850   2.964345        0.0
   1664.250     3.9081     36.844   2.964370        0.0
   1664.500     3.9084     36.856   2.964413        0.0
   1664.750     3.9086     36.835   2.964456        0.0
   1665.000     3.9089     36.832   2.964413        0.0
   1665.250     3.9090     36.813   2.964456        0.0
   1665.500     3.9091     36.810   2.964413        0.0
   1665.750     3.9090     36.801   2.964413        0.0
   1666.000     3.9090     36.789   2.964413        0.0
   1666.250     3.9089     36.786   2.964370        0.0
   1666.500     3.9087     36.767   2.964327        0.0
   1666.750     3.9085     36.755   2.964327        0.0
   1667.000     3.9083     36.755   2.964327        0.0
   1667.250     3.9082     36.752   2.964345        0.0
   1667.500     3.9083     36.762   2.964395        0.0
   1667.750     3.9084     36.749   2.964438        0.0
   1668.000     3.9086     36.749   2.964370        0.0
   1668.250     3.9086     36.755   2.964370        0.0
   1668.500     3.9084     36.753   2.964370        0.0
   1668.750     3.9085     36.759   2.964370        0.0
   1669.000     3.9084     36.749   2.964370        0.0
   1669.250     3.9085     36.750   2.964370        0.0
   1669.500     3.9085     36.747   2.964370        0.0
   1669.750     3.9084     36.740   2.964395        0.0
   1670.000     3.9084     36.737   2.964370        0.0
   1670.250     3.9083     36.713   2.964345        0.0
   1670.500     3.9082     36.704   2.964327        0.0
   1670.750     3.9081     36.716   2.964327        0.0
   1671.000     3.9080     36.707   2.964395        0.0
   1671.250     3.9083     36.704   2.964438        0.0
   1671.500     3.9086     36.716   2.964395        0.0
   1671.750     3.9087     36.731   2.964499        0.0
   1672.000     3.9091     36.743   2.964549        0.0
   1672.250     3.9096     36.756   2.964549        0.0
   1672.500     3.9100     36.774   2.964524        0.0
   1672.750     3.9100     36.795   2.964499        0.0
   1673.000     3.9100     36.817   2.964524        0.0
   1673.250     3.9099     36.823   2.964499        0.0
   1673.500     3.9100     36.835   2.964524        0.0
   1673.750     3.9101     36.844   2.964438        0.0
   1674.000     3.9096     36.832   2.964327        0.0
   1674.250     3.9089     36.835   2.964395        0.0
   1674.500     3.9087     36.829   2.964499        0.0
   1674.750     3.9091     36.835   2.964456        0.0
   1675.000     3.9092     36.823   2.964499        0.0
   1675.250     3.9094     36.804   2.964438        0.0
   1675.500     3.9093     36.798   2.964481        0.0
   1675.750     3.9093     36.783   2.964481        0.0
   1676.000     3.9094     36.774   2.964524        0.0
   1676.250     3.9096     36.762   2.964456        0.0
   1676.500     3.9095     36.752   2.964438        0.0
   1676.750     3.9092     36.768   2.964395        0.0
   1677.000     3.9089     36.753   2.964413        0.0
   1677.250     3.9088     36.762   2.964395        0.0
   1677.500     3.9086     36.768   2.964370        0.0
   1677.750     3.9083     36.777   2.964395        0.0
   1678.000     3.9082     36.768   2.964395        0.0
   1678.250     3.9083     36.786   2.964395        0.0
   1678.500     3.9084     36.780   2.964395        0.0
   1678.750     3.9084     36.777   2.964395        0.0
   1679.000     3.9085     36.780   2.964413        0.0
   1679.250     3.9086     36.777   2.964456        0.0
   1679.500     3.9090     36.771   2.964481        0.0
   1679.750     3.9091     36.762   2.964438        0.0
   1680.000     3.9090     36.768   2.964395        0.0
   1680.250     3.9087     36.753   2.964413        0.0
   1680.500     3.9088     36.744   2.964438        0.0
   1680.750     3.9089     36.731   2.964438        0.0
   1681.000     3.9090     36.722   2.964456        0.0
   1681.250     3.9091     36.710   2.964438        0.0
   1681.500     3.9089     36.701   2.964370        0.0
   1681.750     3.9086     36.710   2.964456        0.0
   1682.000     3.9089     36.698   2.964456        0.0
   1682.250     3.9090     36.704   2.964438        0.0
   1682.500     3.9089     36.719   2.964395        0.0
   1682.750     3.9088     36.728   2.964327        0.0
   1683.000     3.9085     36.725   2.964345        0.0
   1683.250     3.9085     36.743   2.964345        0.0
   1683.500     3.9083     36.758   2.964395        0.0
   1683.750     3.9083     36.761   2.964395        0.0
   1684.000     3.9082     36.768   2.964345        0.0
   1684.250     3.9081     36.786   2.964345        0.0
   1684.500     3.9080     36.792   2.964345        0.0
   1684.750     3.9079     36.786   2.964327        0.0
   1685.000     3.9078     36.774   2.964327        0.0
   1685.250     3.9075     36.774   2.964327        0.0
   1685.500     3.9077     36.755   2.964302        0.0
   1685.750     3.9075     36.737   2.964302        0.0
   1686.000     3.9075     36.722   2.964302        0.0
   1686.250     3.9074     36.719   2.964302        0.0
   1686.500     3.9074     36.710   2.964302        0.0
   1686.750     3.9075     36.707   2.964302        0.0
   1687.000     3.9075     36.719   2.964345        0.0
   1687.250     3.9076     36.713   2.964302        0.0
   1687.500     3.9076     36.734   2.964302        0.0
   1687.750     3.9076     36.753   2.964302        0.0
   1688.000     3.9076     36.759   2.964345        0.0
   1688.250     3.9079     36.780   2.964345        0.0
   1688.500     3.9078     36.802   2.964327        0.0
   1688.750     3.9079     36.817   2.964345        0.0
   1689.000     3.9078     36.829   2.964345        0.0
   1689.250     3.9078     36.832   2.964284        0.0
   1689.500     3.9081     36.841   2.964499        0.0
   1689.750     3.9085     36.835   2.964524        0.0
   1690.000     3.9092     36.826   2.964567        0.0
   1690.250     3.9097     36.808   2.964456        0.0
   1690.500     3.9096     36.799   2.964395        0.0
   1690.750     3.9090     36.780   2.964345        0.0
   1691.000     3.9085     36.765   2.964370        0.0
   1691.250     3.9082     36.750   2.964345        0.0
   1691.500     3.9079     36.735   2.964345        0.0
   1691.750     3.9078     36.731   2.964302        0.0
   1692.000     3.9075     36.741   2.964302        0.0
   1692.250     3.9075     36.741   2.964302        0.0
   1692.500     3.9073     36.762   2.964327        0.0
   1692.750     3.9073     36.753   2.964327        0.0
   1693.000     3.9073     36.762   2.964327        0.0
   1693.250     3.9072     36.765   2.964327        0.0
   1693.500     3.9072     36.798   2.964302        0.0
   1693.750     3.9072     36.826   2.964302        0.0
   1694.000     3.9072     36.841   2.964327        0.0
   1694.250     3.9072     36.847   2.964345        0.0
   1694.500     3.9072     36.853   2.964327        0.0
   1694.750     3.9074     36.862   2.964259        0.0
   1695.000     3.9072     36.850   2.964259        0.0
   1695.250     3.9071     36.838   2.964284        0.0
   1695.500     3.9071     36.817   2.964302        0.0
   1695.750     3.9071     36.805   2.964327        0.0
   1696.000     3.9072     36.780   2.964395        0.0
   1696.250     3.9075     36.750   2.964370        0.0
   1696.500     3.9076     36.722   2.964395        0.0
   1696.750     3.9078     36.710   2.964438        0.0
   1697.000     3.9081     36.710   2.964456        0.0
   1697.250     3.9084     36.710   2.964438        0.0
   1697.500     3.9085     36.716   2.964438        0.0
   1697.750     3.9086     36.725   2.964438        0.0
   1698.000     3.9086     36.734   2.964413        0.0
   1698.250     3.9085     36.734   2.964413        0.0
   1698.500     3.9083     36.759   2.964345        0.0
   1698.750     3.9081     36.765   2.964345        0.0
   1699.000     3.9078     36.762   2.964327        0.0
   1699.250     3.9075     36.765   2.964345        0.0
   1699.500     3.9074     36.774   2.964345        0.0
   1699.750     3.9074     36.768   2.964370        0.0
   1700.000     3.9075     36.768   2.964370        0.0
   1700.250     3.9076     36.759   2.964370        0.0
   1700.500     3.9076     36.756   2.964345        0.0
   1700.750     3.9074     36.768   2.964327        0.0
   1701.000     3.9073     36.750   2.964302        0.0
   1701.250     3.9072     36.771   2.964302        0.0
   1701.500     3.9072     36.777   2.964302        0.0
   1701.750     3.9070     36.786   2.964284        0.0
   1702.000     3.9070     36.811   2.964234        0.0
   1702.250     3.9067     36.820   2.964259        0.0
   1702.500     3.9067     36.823   2.964259        0.0
   1702.750     3.9066     36.817   2.964284        0.0
   1703.000     3.9066     36.823   2.964259        0.0
   1703.250     3.9064     36.814   2.964234        0.0
   1703.500     3.9063     36.820   2.964284        0.0
   1703.750     3.9063     36.808   2.964284        0.0
   1704.000     3.9064     36.802   2.964259        0.0
   1704.250     3.9066     36.805   2.964259        0.0
   1704.500     3.9064     36.805   2.964259        0.0
   1704.750     3.9064     36.805   2.964234        0.0
   1705.000     3.9064     36.808   2.964259        0.0
   1705.250     3.9063     36.817   2.964234        0.0
   1705.500     3.9062     36.829   2.964259        0.0
   1705.750     3.9063     36.835   2.964345        0.0
   1706.000     3.9069     36.841   2.964284        0.0
   1706.250     3.9069     36.844   2.964234        0.0
   1706.500     3.9066     36.838   2.964302        0.0
   1706.750     3.9067     36.826   2.964302        0.0
   1707.000     3.9068     36.820   2.964345        0.0
   1707.250     3.9069     36.808   2.964302        0.0
   1707.500     3.9067     36.805   2.964284        0.0
   1707.750     3.9068     36.780   2.964284        0.0
   1708.000     3.9068     36.765   2.964259        0.0
   1708.250     3.9067     36.753   2.964259        0.0
   1708.500     3.9066     36.747   2.964234        0.0
   1708.750     3.9066     36.756   2.964234        0.0
   1709.000     3.9063     36.753   2.964370        0.0
   1709.250     3.9068     36.762   2.964413        0.0
   1709.500     3.9077     36.762   2.964481        0.0
   1709.750     3.9086     36.768   2.964611        0.0
   1710.000     3.9093     36.775   2.964567        0.0
   1710.250     3.9097     36.796   2.964499        0.0
   1710.500     3.9097     36.805   2.964438        0.0
   1710.750     3.9093     36.814   2.964413        0.0
   1711.000     3.9086     36.823   2.964327        0.0
   1711.250     3.9080     36.835   2.964302        0.0
   1711.500     3.9074     36.835   2.964284        0.0
   1711.750     3.9070     36.839   2.964259        0.0
   1712.000     3.9068     36.842   2.964259        0.0
   1712.250     3.9065     36.842   2.964216        0.0
   1712.500     3.9061     36.848   2.964216        0.0
   1712.750     3.9059     36.823   2.964259        0.0
   1713.000     3.9061     36.838   2.964259        0.0
   1713.250     3.9062     36.823   2.964259        0.0
   1713.500     3.9063     36.820   2.964327        0.0
   1713.750     3.9066     36.808   2.964234        0.0
   1714.000     3.9064     36.805   2.964173        0.0
