doc/2021_06_24_0001.cnv
* Sea-Bird SBE19plus  Data File:
* FileName = C:\CTD\202101_162_L2\2021_06_24\2021_06_24_0001.hex
* Software version 2.8.0.119
* Temperature SN = 8102
* Conductivity SN = 8102
* System UpLoad Time = Jun 24 2021 18:22:26
* <ApplicationData>
* <Seaterm232>
# nquan = 5
# nvalues = 10617
# units = specified
# name 1 = timeS: Time, Elapsed [seconds]
# name 2 = tv290C: Temperature [ITS-90, deg C]
# name 3 = prdM: Pressure, Strain Gauge [db]
# name 4 = c0S/m: Conductivity [S/m]
# name 5 = flag:  0.000e+00
# span 1 =          0,       2654
# span 2 =     3.8765,     7.2604
# span 3 =     -0.435,     37.648
# span 4 =  -0.262408,   3.048236
# span 5 =          0,          0
# interval = seconds: 0.25
# start_time = Jun 24 2021 06:58:37 [Instrument's time stamp, header]
# bad_flag = -9.990e-29
*END*
[from data line 10572]
   2643.000     5.0338     -0.364   0.075971        0.0
   2643.250     5.0335     -0.364   0.074859        0.0
   2643.500     5.0335     -0.358   0.072696        0.0
   2643.750     5.0334     -0.358   0.075584        0.0
   2644.000     5.0332     -0.358   0.077835        0.0
   2644.250     5.0330     -0.358   0.079061        0.0
   2644.500     5.0328     -0.358   0.075978        0.0
   2644.750     5.0327     -0.349   0.074714        0.0
   2645.000     5.0325     -0.355   0.074389        0.0
   2645.250     5.0326     -0.358   0.073664        0.0
   2645.500     5.0323     -0.355   0.072538        0.0
   2645.750     5.0322     -0.349   0.069136        0.0
   2646.000     5.0320     -0.355   0.064478        0.0
   2646.250     5.0319     -0.358   0.060673        0.0
   2646.500     5.0318     -0.361   0.057577        0.0
   2646.750     5.0318     -0.358   0.055069        0.0
   2647.000     5.0315     -0.358   0.052291        0.0
   2647.250     5.0313     -0.364   0.048341        0.0
   2647.500     5.0313     -0.361   0.046337        0.0
   2647.750     5.0310     -0.361   0.044094        0.0
   2648.000     5.0309     -0.355   0.041916        0.0
   2648.250     5.0309     -0.358   0.040245        0.0
   2648.500     5.0307     -0.358   0.039652        0.0
   2648.750     5.0305     -0.358   0.039779        0.0
   2649.000     5.0304     -0.361   0.039630        0.0
   2649.250     5.0304     -0.361   0.039326        0.0
   2649.500     5.0303     -0.358   0.039107        0.0
   2649.750     5.0301     -0.361   0.038698        0.0
   2650.000     5.0301     -0.358   0.038442        0.0
   2650.250     5.0298     -0.352   0.038217        0.0
   2650.500     5.0297     -0.355   0.037821        0.0
   2650.750     5.0296     -0.355   0.037416        0.0
   2651.000     5.0295     -0.358   0.037169        0.0
   2651.250     5.0294     -0.361   0.036884        0.0
   2651.500     5.0293     -0.355   0.036618        0.0
   2651.750     5.0292     -0.355   0.035716        0.0
   2652.000     5.0292     -0.364   0.034391        0.0
   2652.250     5.0291     -0.361   0.033421        0.0
   2652.500     5.0290     -0.367   0.032726        0.0
   2652.750     5.0288     -0.364   0.031674        0.0
   2653.000     5.0287     -0.370   0.030579        0.0
   2653.250     5.0287     -0.361   0.029664        0.0
   2653.500     5.0285     -0.361   0.028882        0.0
   2653.750     5.0286     -0.367   0.028068        0.0
   2654.000     5.0284     -0.367   0.027322        0.0
