doc/2021_06_24_0001.cnv
* Sea-Bird SBE19plus  Data File:
* FileName = C:\CTD\202101_162_L2\2021_06_24\2021_06_24_0001.hex
* Software version 2.8.0.119
* Temperature SN = 8102
* Conductivity SN = 8102
* System UpLoad Time = Jun 24 2021 18:22:26
* <ApplicationData>
* <Seaterm232>
# nquan = 5
# nvalues = 10617
# units = specified
# name 1 = timeS: Time, Elapsed [seconds]
# name 2 = tv290C: Temperature [ITS-90, deg C]
# name 3 = prdM: Pressure, Strain Gauge [db]
# name 4 = c0S/m: Conductivity [S/m]
# name 5 = flag:  0.000e+00
# span 1 =          0,       2654
# span 2 =     3.8765,     7.2604
# span 3 =     -0.435,     37.648
# span 4 =  -0.262408,   3.048236
# span 5 =          0,          0
# interval = seconds: 0.25
# start_time = Jun 24 2021 06:58:37 [Instrument's time stamp, header]
# bad_flag = -9.990e-29
*END*
[from data line 4286]
   1071.500     3.9183     36.522   2.964216        0.0
   1071.750     3.9180     36.525   2.964216        0.0
   1072.000     3.9176     36.526   2.964216        0.0
   1072.250     3.9174     36.525   2.964259        0.0
   1072.500     3.9175     36.529   2.964234        0.0
   1072.750     3.9175     36.541   2.964148        0.0
   1073.000     3.9171     36.550   2.964105        0.0
   1073.250     3.9167     36.568   2.964105        0.0
   1073.500     3.9164     36.577   2.964129        0.0
   1073.750     3.9164     36.583   2.964129        0.0
   1074.000     3.9164     36.595   2.964105        0.0
   1074.250     3.9164     36.599   2.964105        0.0
   1074.500     3.9161     36.608   2.964105        0.0
   1074.750     3.9160     36.626   2.964105        0.0
   1075.000     3.9160     36.614   2.964080        0.0
   1075.250     3.9160     36.620   2.964129        0.0
   1075.500     3.9162     36.608   2.964129        0.0
   1075.750     3.9162     36.602   2.964105        0.0
   1076.000     3.9163     36.599   2.964105        0.0
   1076.250     3.9162     36.593   2.964080        0.0
   1076.500     3.9161     36.580   2.964105        0.0
   1076.750     3.9160     36.586   2.964105        0.0
   1077.000     3.9161     36.593   2.964129        0.0
   1077.250     3.9161     36.589   2.964061        0.0
   1077.500     3.9161     36.602   2.964191        0.0
   1077.750     3.9163     36.593   2.964148        0.0
   1078.000     3.9165     36.602   2.964172        0.0
   1078.250     3.9165     36.596   2.964191        0.0
   1078.500     3.9166     36.593   2.964191        0.0
   1078.750     3.9166     36.608   2.964216        0.0
   1079.000     3.9168     36.614   2.964259        0.0
   1079.250     3.9170     36.611   2.964259        0.0
   1079.500     3.9171     36.611   2.964234        0.0
   1079.750     3.9172     36.623   2.964191        0.0
   1080.000     3.9172     36.632   2.964216        0.0
   1080.250     3.9172     36.596   2.964302        0.0
   1080.500     3.9174     36.587   2.964283        0.0
   1080.750     3.9174     36.565   2.964191        0.0
   1081.000     3.9171     36.544   2.964191        0.0
   1081.250     3.9170     36.535   2.964191        0.0
   1081.500     3.9169     36.507   2.964172        0.0
   1081.750     3.9169     36.492   2.964259        0.0
   1082.000     3.9170     36.474   2.964234        0.0
   1082.250     3.9171     36.455   2.964172        0.0
   1082.500     3.9169     36.455   2.964172        0.0
   1082.750     3.9167     36.458   2.964216        0.0
   1083.000     3.9167     36.468   2.964216        0.0
   1083.250     3.9169     36.480   2.964234        0.0
   1083.500     3.9171     36.489   2.964234        0.0
   1083.750     3.9171     36.514   2.964234        0.0
   1084.000     3.9171     36.529   2.964259        0.0
   1084.250     3.9172     36.532   2.964327        0.0
   1084.500     3.9174     36.553   2.964370        0.0
   1084.750     3.9178     36.550   2.964302        0.0
   1085.000     3.9181     36.559   2.964302        0.0
   1085.250     3.9178     36.566   2.964259        0.0
   1085.500     3.9175     36.557   2.964283        0.0
   1085.750     3.9176     36.563   2.964302        0.0
   1086.000     3.9177     36.566   2.964302        0.0
   1086.250     3.9177     36.569   2.964283        0.0
   1086.500     3.9177     36.566   2.964302        0.0
   1086.750     3.9176     36.581   2.964259        0.0
   1087.000     3.9174     36.569   2.964234        0.0
   1087.250     3.9172     36.575   2.964259        0.0
   1087.500     3.9171     36.581   2.964234        0.0
   1087.750     3.9171     36.572   2.964234        0.0
   1088.000     3.9170     36.572   2.964259        0.0
   1088.250     3.9171     36.572   2.964234        0.0
   1088.500     3.9170     36.565   2.964216        0.0
   1088.750     3.9167     36.565   2.964191        0.0
   1089.000     3.9166     36.575   2.964191        0.0
   1089.250     3.9167     36.578   2.964216        0.0
   1089.500     3.9168     36.572   2.964283        0.0
   1089.750     3.9170     36.578   2.964345        0.0
   1090.000     3.9176     36.590   2.964370        0.0
   1090.250     3.9181     36.578   2.964283        0.0
   1090.500     3.9179     36.587   2.964327        0.0
   1090.750     3.9179     36.581   2.964370        0.0
   1091.000     3.9180     36.569   2.964345        0.0
   1091.250     3.9182     36.569   2.964370        0.0
   1091.500     3.9181     36.566   2.964327        0.0
   1091.750     3.9180     36.547   2.964283        0.0
   1092.000     3.9178     36.535   2.964302        0.0
   1092.250     3.9176     36.517   2.964283        0.0
   1092.500     3.9176     36.511   2.964283        0.0
   1092.750     3.9176     36.514   2.964259        0.0
   1093.000     3.9174     36.511   2.964283        0.0
   1093.250     3.9174     36.523   2.964259        0.0
   1093.500     3.9171     36.539   2.964283        0.0
   1093.750     3.9174     36.554   2.964259        0.0
   1094.000     3.9172     36.575   2.964259        0.0
   1094.250     3.9171     36.599   2.964259        0.0
   1094.500     3.9173     36.618   2.964216        0.0
   1094.750     3.9171     36.630   2.964216        0.0
   1095.000     3.9170     36.630   2.964172        0.0
   1095.250     3.9169     36.639   2.964216        0.0
   1095.500     3.9169     36.627   2.964302        0.0
   1095.750     3.9171     36.645   2.964216        0.0
   1096.000     3.9170     36.621   2.964234        0.0
   1096.250     3.9170     36.621   2.964327        0.0
   1096.500     3.9174     36.606   2.964327        0.0
   1096.750     3.9175     36.606   2.964259        0.0
   1097.000     3.9174     36.590   2.964234        0.0
   1097.250     3.9172     36.572   2.964259        0.0
   1097.500     3.9172     36.560   2.964283        0.0
   1097.750     3.9172     36.553   2.964302        0.0
   1098.000     3.9173     36.553   2.964234        0.0
   1098.250     3.9172     36.551   2.964234        0.0
   1098.500     3.9171     36.554   2.964234        0.0
   1098.750     3.9171     36.575   2.964216        0.0
   1099.000     3.9169     36.575   2.964191        0.0
   1099.250     3.9168     36.587   2.964234        0.0
   1099.500     3.9168     36.587   2.964234        0.0
   1099.750     3.9169     36.587   2.964234        0.0
   1100.000     3.9167     36.593   2.964259        0.0
   1100.250     3.9168     36.593   2.964234        0.0
   1100.500     3.9169     36.587   2.964234        0.0
   1100.750     3.9167     36.590   2.964191        0.0
   1101.000     3.9167     36.566   2.964191        0.0
   1101.250     3.9165     36.566   2.964172        0.0
   1101.500     3.9165     36.563   2.964191        0.0
   1101.750     3.9164     36.560   2.964191        0.0
   1102.000     3.9164     36.551   2.964191        0.0
   1102.250     3.9164     36.557   2.964191        0.0
   1102.500     3.9165     36.563   2.964191        0.0
   1102.750     3.9165     36.569   2.964216        0.0
   1103.000     3.9165     36.572   2.964172        0.0
   1103.250     3.9164     36.593   2.964191        0.0
   1103.500     3.9164     36.606   2.964191        0.0
   1103.750     3.9163     36.633   2.964216        0.0
   1104.000     3.9162     36.643   2.964216        0.0
   1104.250     3.9163     36.646   2.964216        0.0
   1104.500     3.9164     36.649   2.964259        0.0
   1104.750     3.9165     36.645   2.964216        0.0
   1105.000     3.9165     36.636   2.964172        0.0
   1105.250     3.9163     36.624   2.964191        0.0
   1105.500     3.9161     36.609   2.964191        0.0
   1105.750     3.9162     36.609   2.964259        0.0
   1106.000     3.9164     36.603   2.964283        0.0
   1106.250     3.9166     36.594   2.964234        0.0
   1106.500     3.9165     36.594   2.964283        0.0
   1106.750     3.9168     36.603   2.964302        0.0
   1107.000     3.9169     36.618   2.964259        0.0
   1107.250     3.9169     36.624   2.964302        0.0
   1107.500     3.9171     36.646   2.964345        0.0
   1107.750     3.9172     36.661   2.964327        0.0
   1108.000     3.9174     36.664   2.964345        0.0
   1108.250     3.9174     36.658   2.964302        0.0
   1108.500     3.9175     36.658   2.964259        0.0
   1108.750     3.9172     36.661   2.964283        0.0
   1109.000     3.9170     36.637   2.964259        0.0
   1109.250     3.9169     36.621   2.964234        0.0
   1109.500     3.9167     36.621   2.964234        0.0
   1109.750     3.9165     36.609   2.964191        0.0
   1110.000     3.9164     36.591   2.964191        0.0
   1110.250     3.9164     36.588   2.964234        0.0
   1110.500     3.9164     36.579   2.964191        0.0
   1110.750     3.9164     36.582   2.964216        0.0
   1111.000     3.9163     36.585   2.964191        0.0
   1111.250     3.9163     36.603   2.964216        0.0
   1111.500     3.9161     36.603   2.964172        0.0
   1111.750     3.9161     36.606   2.964172        0.0
   1112.000     3.9161     36.627   2.964191        0.0
   1112.250     3.9161     36.646   2.964216        0.0
   1112.500     3.9162     36.646   2.964191        0.0
   1112.750     3.9161     36.655   2.964191        0.0
   1113.000     3.9160     36.655   2.964172        0.0
   1113.250     3.9160     36.661   2.964172        0.0
   1113.500     3.9159     36.661   2.964105        0.0
   1113.750     3.9158     36.661   2.964148        0.0
   1114.000     3.9159     36.661   2.964148        0.0
   1114.250     3.9157     36.664   2.964148        0.0
   1114.500     3.9157     36.667   2.964148        0.0
   1114.750     3.9156     36.658   2.964129        0.0
   1115.000     3.9156     36.643   2.964129        0.0
   1115.250     3.9156     36.630   2.964148        0.0
   1115.500     3.9155     36.603   2.964148        0.0
   1115.750     3.9156     36.594   2.964105        0.0
   1116.000     3.9154     36.569   2.964148        0.0
   1116.250     3.9154     36.545   2.964129        0.0
   1116.500     3.9154     36.518   2.964129        0.0
   1116.750     3.9154     36.508   2.964105        0.0
   1117.000     3.9154     36.499   2.964129        0.0
   1117.250     3.9155     36.493   2.964129        0.0
   1117.500     3.9153     36.500   2.964105        0.0
   1117.750     3.9154     36.509   2.964129        0.0
   1118.000     3.9154     36.524   2.964105        0.0
   1118.250     3.9155     36.561   2.964172        0.0
   1118.500     3.9156     36.564   2.963907        0.0
   1118.750     3.9157     36.579   2.964129        0.0
   1119.000     3.9157     36.582   2.964080        0.0
   1119.250     3.9156     36.588   2.964172        0.0
   1119.500     3.9156     36.594   2.964234        0.0
   1119.750     3.9160     36.588   2.964216        0.0
   1120.000     3.9161     36.579   2.964234        0.0
   1120.250     3.9162     36.576   2.964327        0.0
   1120.500     3.9165     36.558   2.964283        0.0
   1120.750     3.9167     36.555   2.964234        0.0
   1121.000     3.9165     36.549   2.964191        0.0
   1121.250     3.9163     36.548   2.964216        0.0
   1121.500     3.9162     36.555   2.964191        0.0
   1121.750     3.9161     36.552   2.964172        0.0
   1122.000     3.9159     36.564   2.964148        0.0
   1122.250     3.9157     36.573   2.964129        0.0
   1122.500     3.9155     36.588   2.964129        0.0
   1122.750     3.9155     36.622   2.964129        0.0
   1123.000     3.9154     36.643   2.964129        0.0
   1123.250     3.9154     36.665   2.964259        0.0
   1123.500     3.9158     36.671   2.964234        0.0
   1123.750     3.9161     36.686   2.964191        0.0
   1124.000     3.9161     36.689   2.964216        0.0
   1124.250     3.9161     36.695   2.964216        0.0
   1124.500     3.9161     36.683   2.964234        0.0
   1124.750     3.9161     36.680   2.964234        0.0
   1125.000     3.9161     36.677   2.964148        0.0
   1125.250     3.9160     36.671   2.964129        0.0
   1125.500     3.9157     36.668   2.964129        0.0
   1125.750     3.9155     36.655   2.964129        0.0
   1126.000     3.9154     36.637   2.964172        0.0
   1126.250     3.9154     36.637   2.964172        0.0
   1126.500     3.9154     36.631   2.964148        0.0
   1126.750     3.9154     36.631   2.964148        0.0
   1127.000     3.9153     36.625   2.964148        0.0
   1127.250     3.9154     36.637   2.964172        0.0
   1127.500     3.9153     36.643   2.964172        0.0
   1127.750     3.9154     36.652   2.964148        0.0
   1128.000     3.9155     36.664   2.964172        0.0
   1128.250     3.9156     36.670   2.964259        0.0
   1128.500     3.9160     36.667   2.964216        0.0
   1128.750     3.9164     36.683   2.964413        0.0
   1129.000     3.9171     36.664   2.964394        0.0
   1129.250     3.9175     36.652   2.964259        0.0
   1129.500     3.9172     36.625   2.964234        0.0
   1129.750     3.9169     36.600   2.964216        0.0
   1130.000     3.9164     36.588   2.964148        0.0
   1130.250     3.9160     36.579   2.964129        0.0
   1130.500     3.9158     36.570   2.964148        0.0
   1130.750     3.9157     36.552   2.964129        0.0
   1131.000     3.9154     36.564   2.964191        0.0
   1131.250     3.9156     36.570   2.964283        0.0
   1131.500     3.9161     36.579   2.964259        0.0
   1131.750     3.9163     36.588   2.964191        0.0
   1132.000     3.9160     36.610   2.964234        0.0
   1132.250     3.9162     36.616   2.964216        0.0
   1132.500     3.9163     36.619   2.964283        0.0
   1132.750     3.9163     36.619   2.964234        0.0
   1133.000     3.9164     36.625   2.964216        0.0
   1133.250     3.9161     36.619   2.964148        0.0
   1133.500     3.9157     36.619   2.964129        0.0
   1133.750     3.9155     36.603   2.964148        0.0
   1134.000     3.9154     36.591   2.964216        0.0
   1134.250     3.9154     36.600   2.964191        0.0
   1134.500     3.9157     36.591   2.964191        0.0
   1134.750     3.9156     36.588   2.964148        0.0
   1135.000     3.9154     36.582   2.964172        0.0
   1135.250     3.9153     36.594   2.964148        0.0
   1135.500     3.9152     36.610   2.964172        0.0
   1135.750     3.9153     36.616   2.964129        0.0
   1136.000     3.9151     36.628   2.964191        0.0
   1136.250     3.9153     36.637   2.964148        0.0
   1136.500     3.9153     36.652   2.964129        0.0
   1136.750     3.9152     36.664   2.964148        0.0
   1137.000     3.9152     36.670   2.964148        0.0
   1137.250     3.9152     36.680   2.964148        0.0
   1137.500     3.9152     36.661   2.964172        0.0
   1137.750     3.9152     36.667   2.964148        0.0
   1138.000     3.9152     36.655   2.964148        0.0
   1138.250     3.9152     36.649   2.964129        0.0
   1138.500     3.9152     36.643   2.964129        0.0
   1138.750     3.9149     36.640   2.964080        0.0
   1139.000     3.9147     36.637   2.964105        0.0
   1139.250     3.9146     36.625   2.964061        0.0
   1139.500     3.9144     36.634   2.964061        0.0
   1139.750     3.9146     36.655   2.964061        0.0
   1140.000     3.9144     36.661   2.964129        0.0
   1140.250     3.9148     36.674   2.964191        0.0
   1140.500     3.9150     36.686   2.964191        0.0
   1140.750     3.9153     36.692   2.964172        0.0
   1141.000     3.9153     36.698   2.964172        0.0
   1141.250     3.9152     36.704   2.964191        0.0
   1141.500     3.9153     36.692   2.964216        0.0
   1141.750     3.9154     36.686   2.964191        0.0
   1142.000     3.9154     36.674   2.964148        0.0
   1142.250     3.9153     36.662   2.964148        0.0
   1142.500     3.9152     36.643   2.964148        0.0
