doc/SBE19plus_01908106_2023_06_19_0001.cnv
* Sea-Bird SBE19plus  Data File:
* FileName = C:\CTD\202301_162_L2\SBE19plus_01908106_2023_06_19_0001.hex
* Software version 2.8.0.119
* Temperature SN = 8106
* Conductivity SN = 8106
* System UpLoad Time = Jun 19 2023 19:00:06
* <ApplicationData>
* <Seaterm232>
# nquan = 7
# nvalues = 11245
# units = specified
# name 1 = timeS: Time, Elapsed [seconds]
# name 2 = tv290C: Temperature [ITS-90, deg C]
# name 3 = prdM: Pressure, Strain Gauge [db]
# name 4 = c0S/m: Conductivity [S/m]
# name 5 = sbeox0V: Oxygen raw, SBE 43 [V]
# name 6 = ph: pH
# name 7 = flag:  0.000e+00
# span 1 =          0,       2811
# span 2 =     1.0093,     5.4247
# span 3 =     -0.161,     63.505
# span 4 =   0.000251,    3.08075
# span 5 = 2.36064698252842, 3.60631723506523
# span 6 =      6.683,      8.375
# span 7 =          0,          0
# interval = seconds: 0.25
# start_time = Jun 19 2023 07:15:23 [Instrument's time stamp, header]
# bad_flag = -9.990e-29
*END*
[from data line 9026]
   2256.500     1.0547     62.811   2.753437   3.281834      8.228        0.0
   2256.750     1.0548     62.796   2.753437   3.281987      8.225        0.0
   2257.000     1.0547     62.778   2.753263   3.282597      8.228        0.0
   2257.250     1.0542     62.766   2.753269   3.281605      8.227        0.0
   2257.500     1.0536     62.760   2.753166   3.281605      8.226        0.0
   2257.750     1.0529     62.772   2.753070   3.281910      8.226        0.0
   2258.000     1.0520     62.775   2.753052   3.281758      8.228        0.0
   2258.250     1.0512     62.787   2.753178   3.282139      8.227        0.0
   2258.500     1.0514     62.811   2.753148   3.281758      8.225        0.0
   2258.750     1.0515     62.823   2.753148   3.281453      8.225        0.0
   2259.000     1.0517     62.857   2.753263   3.280232      8.226        0.0
   2259.250     1.0522     62.878   2.753305   3.280995      8.225        0.0
   2259.500     1.0526     62.887   2.753329   3.280613      8.225        0.0
   2259.750     1.0531     62.903   2.753245   3.280919      8.229        0.0
   2260.000     1.0530     62.903   2.753154   3.280995      8.227        0.0
   2260.250     1.0526     62.909   2.753010   3.281758      8.228        0.0
   2260.500     1.0516     62.915   2.753052   3.280385      8.225        0.0
   2260.750     1.0509     62.896   2.753064   3.281147      8.228        0.0
   2261.000     1.0507     62.899   2.753022   3.280842      8.228        0.0
   2261.250     1.0506     62.872   2.753004   3.281758      8.228        0.0
   2261.500     1.0501     62.860   2.753052   3.281987      8.226        0.0
   2261.750     1.0502     62.845   2.753070   3.282139      8.227        0.0
   2262.000     1.0503     62.845   2.753046   3.281910      8.226        0.0
   2262.250     1.0505     62.823   2.753088   3.281376      8.225        0.0
   2262.500     1.0505     62.817   2.753088   3.281910      8.227        0.0
   2262.750     1.0507     62.817   2.753112   3.281910      8.226        0.0
   2263.000     1.0510     62.814   2.753112   3.281147      8.225        0.0
   2263.250     1.0512     62.814   2.753154   3.281758      8.228        0.0
   2263.500     1.0514     62.824   2.753166   3.281224      8.229        0.0
   2263.750     1.0517     62.854   2.753178   3.281147      8.225        0.0
   2264.000     1.0518     62.854   2.753202   3.281376      8.225        0.0
   2264.250     1.0519     62.875   2.753202   3.281376      8.229        0.0
   2264.500     1.0522     62.906   2.753184   3.281682      8.225        0.0
   2264.750     1.0522     62.927   2.753184   3.281453      8.228        0.0
   2265.000     1.0519     62.936   2.753166   3.281682      8.226        0.0
   2265.250     1.0519     62.939   2.753154   3.281071      8.227        0.0
   2265.500     1.0518     62.936   2.753154   3.281224      8.230        0.0
   2265.750     1.0517     62.939   2.753124   3.281376      8.226        0.0
   2266.000     1.0515     62.930   2.753148   3.281376      8.224        0.0
   2266.250     1.0513     62.918   2.753154   3.281147      8.228        0.0
   2266.500     1.0516     62.912   2.753202   3.281758      8.225        0.0
   2266.750     1.0518     62.887   2.753154   3.281376      8.228        0.0
   2267.000     1.0518     62.872   2.753088   3.282063      8.226        0.0
   2267.250     1.0515     62.851   2.753124   3.282521      8.225        0.0
   2267.500     1.0514     62.845   2.753124   3.281224      8.229        0.0
   2267.750     1.0514     62.830   2.753010   3.281910      8.225        0.0
   2268.000     1.0508     62.808   2.753070   3.281605      8.227        0.0
   2268.250     1.0506     62.814   2.753064   3.282597      8.226        0.0
   2268.500     1.0507     62.802   2.753106   3.281300      8.228        0.0
   2268.750     1.0509     62.781   2.753124   3.281910      8.224        0.0
   2269.000     1.0510     62.778   2.753052   3.282063      8.222        0.0
   2269.250     1.0509     62.778   2.753052   3.281224      8.226        0.0
   2269.500     1.0507     62.781   2.752985   3.281758      8.229        0.0
   2269.750     1.0502     62.787   2.752985   3.281758      8.228        0.0
   2270.000     1.0499     62.799   2.752985   3.283207      8.224        0.0
   2270.250     1.0497     62.802   2.753052   3.281682      8.228        0.0
   2270.500     1.0499     62.830   2.753094   3.281910      8.228        0.0
   2270.750     1.0503     62.833   2.753088   3.280842      8.227        0.0
   2271.000     1.0508     62.833   2.753046   3.281605      8.225        0.0
   2271.250     1.0507     62.860   2.753046   3.282063      8.229        0.0
   2271.500     1.0507     62.869   2.753094   3.281834      8.224        0.0
   2271.750     1.0508     62.875   2.753070   3.281300      8.227        0.0
   2272.000     1.0506     62.881   2.752961   3.280613      8.223        0.0
   2272.250     1.0501     62.890   2.752985   3.281682      8.226        0.0
   2272.500     1.0499     62.890   2.753010   3.281758      8.224        0.0
   2272.750     1.0498     62.906   2.752985   3.282063      8.224        0.0
   2273.000     1.0498     62.903   2.753010   3.282597      8.227        0.0
   2273.250     1.0499     62.899   2.753022   3.281987      8.225        0.0
   2273.500     1.0500     62.915   2.753022   3.282368      8.225        0.0
   2273.750     1.0501     62.924   2.753064   3.282368      8.229        0.0
   2274.000     1.0503     62.933   2.753070   3.282063      8.226        0.0
   2274.250     1.0506     62.942   2.753052   3.282139      8.229        0.0
   2274.500     1.0506     62.939   2.753064   3.282444      8.227        0.0
   2274.750     1.0507     62.945   2.753088   3.281605      8.226        0.0
   2275.000     1.0507     62.939   2.753010   3.282368      8.227        0.0
   2275.250     1.0506     62.933   2.752967   3.281605      8.226        0.0
   2275.500     1.0500     62.939   2.752877   3.281529      8.227        0.0
   2275.750     1.0498     62.918   2.752985   3.281758      8.229        0.0
   2276.000     1.0498     62.903   2.752925   3.281682      8.225        0.0
   2276.250     1.0496     62.881   2.752799   3.281071      8.227        0.0
   2276.500     1.0487     62.869   2.752967   3.280842      8.227        0.0
   2276.750     1.0487     62.863   2.752985   3.279927      8.226        0.0
   2277.000     1.0490     62.860   2.752943   3.280842      8.225        0.0
   2277.250     1.0493     62.830   2.752865   3.280613      8.226        0.0
   2277.500     1.0488     62.842   2.752883   3.280766      8.224        0.0
   2277.750     1.0485     62.839   2.752901   3.280079      8.224        0.0
   2278.000     1.0487     62.824   2.752817   3.280079      8.226        0.0
   2278.250     1.0483     62.836   2.752859   3.280690      8.225        0.0
   2278.500     1.0481     62.827   2.752985   3.280919      8.228        0.0
   2278.750     1.0485     62.839   2.752985   3.279927      8.227        0.0
   2279.000     1.0492     62.839   2.752985   3.281758      8.226        0.0
   2279.250     1.0494     62.830   2.752985   3.280919      8.226        0.0
   2279.500     1.0496     62.845   2.752780   3.281224      8.226        0.0
   2279.750     1.0490     62.851   2.752799   3.280156      8.229        0.0
   2280.000     1.0481     62.842   2.752780   3.280461      8.225        0.0
   2280.250     1.0477     62.851   2.752877   3.281682      8.225        0.0
   2280.500     1.0478     62.851   2.752877   3.280995      8.226        0.0
   2280.750     1.0482     62.854   2.752943   3.280537      8.226        0.0
   2281.000     1.0488     62.872   2.753004   3.280995      8.225        0.0
   2281.250     1.0493     62.863   2.753022   3.279393      8.226        0.0
   2281.500     1.0497     62.875   2.753028   3.280232      8.226        0.0
   2281.750     1.0499     62.887   2.752985   3.280079      8.226        0.0
   2282.000     1.0497     62.887   2.752967   3.281453      8.228        0.0
   2282.250     1.0497     62.893   2.753022   3.279774      8.228        0.0
   2282.500     1.0501     62.899   2.753166   3.281300      8.225        0.0
   2282.750     1.0506     62.899   2.753154   3.281147      8.229        0.0
   2283.000     1.0512     62.906   2.753178   3.279622      8.224        0.0
   2283.250     1.0513     62.915   2.753094   3.279469      8.227        0.0
   2283.500     1.0514     62.896   2.753124   3.280537      8.225        0.0
   2283.750     1.0513     62.924   2.753088   3.280766      8.224        0.0
   2284.000     1.0513     62.906   2.753094   3.279316      8.226        0.0
   2284.250     1.0512     62.884   2.753112   3.280766      8.230        0.0
   2284.500     1.0513     62.878   2.753124   3.280613      8.224        0.0
   2284.750     1.0515     62.863   2.753124   3.280690      8.228        0.0
   2285.000     1.0515     62.851   2.753148   3.281453      8.226        0.0
   2285.250     1.0517     62.857   2.753052   3.281758      8.226        0.0
   2285.500     1.0513     62.851   2.752877   3.280995      8.228        0.0
   2285.750     1.0502     62.845   2.752943   3.280995      8.227        0.0
   2286.000     1.0497     62.842   2.752925   3.281071      8.226        0.0
   2286.250     1.0495     62.833   2.752985   3.280842      8.227        0.0
   2286.500     1.0496     62.836   2.752919   3.280766      8.231        0.0
   2286.750     1.0495     62.854   2.752877   3.280385      8.224        0.0
   2287.000     1.0489     62.851   2.752961   3.279622      8.225        0.0
   2287.250     1.0491     62.860   2.752883   3.279850      8.226        0.0
   2287.500     1.0491     62.872   2.752901   3.280308      8.226        0.0
   2287.750     1.0489     62.869   2.752967   3.280079      8.224        0.0
   2288.000     1.0491     62.881   2.752985   3.281071      8.227        0.0
   2288.250     1.0493     62.875   2.752919   3.280156      8.227        0.0
   2288.500     1.0493     62.875   2.752738   3.280537      8.226        0.0
   2288.750     1.0485     62.875   2.752678   3.280079      8.228        0.0
   2289.000     1.0475     62.875   2.752750   3.280385      8.226        0.0
   2289.250     1.0470     62.875   2.752750   3.280461      8.223        0.0
   2289.500     1.0469     62.878   2.752877   3.280613      8.226        0.0
   2289.750     1.0475     62.857   2.752901   3.281300      8.229        0.0
   2290.000     1.0481     62.863   2.752678   3.281987      8.225        0.0
   2290.250     1.0475     62.863   2.752774   3.281224      8.227        0.0
   2290.500     1.0473     62.869   2.752793   3.281224      8.226        0.0
   2290.750     1.0475     62.872   2.752799   3.281987      8.225        0.0
   2291.000     1.0475     62.860   2.752865   3.281147      8.226        0.0
   2291.250     1.0477     62.869   2.752823   3.281605      8.229        0.0
   2291.500     1.0480     62.872   2.752877   3.280995      8.227        0.0
   2291.750     1.0481     62.869   2.752859   3.280537      8.228        0.0
   2292.000     1.0481     62.875   2.752732   3.280919      8.228        0.0
   2292.250     1.0476     62.881   2.752738   3.279927      8.227        0.0
   2292.500     1.0473     62.866   2.752799   3.281682      8.230        0.0
   2292.750     1.0475     62.860   2.752817   3.281147      8.224        0.0
   2293.000     1.0475     62.854   2.752817   3.282368      8.228        0.0
   2293.250     1.0477     62.860   2.752793   3.281529      8.224        0.0
   2293.500     1.0475     62.845   2.752660   3.279927      8.227        0.0
   2293.750     1.0469     62.833   2.752642   3.280308      8.226        0.0
   2294.000     1.0462     62.833   2.752666   3.280842      8.226        0.0
   2294.250     1.0460     62.820   2.752750   3.280766      8.227        0.0
   2294.500     1.0463     62.811   2.752762   3.281758      8.225        0.0
   2294.750     1.0469     62.830   2.752762   3.281071      8.228        0.0
   2295.000     1.0470     62.827   2.752841   3.280308      8.226        0.0
   2295.250     1.0474     62.854   2.752859   3.279698      8.229        0.0
   2295.500     1.0478     62.869   2.752835   3.280079      8.229        0.0
   2295.750     1.0481     62.887   2.752877   3.280842      8.232        0.0
   2296.000     1.0483     62.921   2.752883   3.281071      8.230        0.0
   2296.250     1.0485     62.939   2.752781   3.280537      8.226        0.0
   2296.500     1.0480     62.948   2.752750   3.280613      8.225        0.0
   2296.750     1.0477     62.963   2.752732   3.280613      8.226        0.0
   2297.000     1.0474     62.976   2.752775   3.279622      8.227        0.0
   2297.250     1.0472     62.976   2.752799   3.280613      8.225        0.0
   2297.500     1.0474     62.982   2.752781   3.280385      8.225        0.0
   2297.750     1.0475     62.966   2.752835   3.280003      8.223        0.0
   2298.000     1.0477     62.960   2.752835   3.280690      8.225        0.0
   2298.250     1.0478     62.942   2.752841   3.280385      8.227        0.0
   2298.500     1.0480     62.939   2.752865   3.280766      8.228        0.0
   2298.750     1.0482     62.918   2.752901   3.281453      8.227        0.0
   2299.000     1.0485     62.909   2.752901   3.279850      8.226        0.0
   2299.250     1.0487     62.890   2.752943   3.282292      8.227        0.0
   2299.500     1.0490     62.890   2.752967   3.281376      8.226        0.0
   2299.750     1.0493     62.887   2.752985   3.281910      8.229        0.0
   2300.000     1.0495     62.890   2.752901   3.281529      8.227        0.0
   2300.250     1.0494     62.887   2.752919   3.281605      8.228        0.0
   2300.500     1.0492     62.893   2.752919   3.281758      8.226        0.0
   2300.750     1.0493     62.881   2.752943   3.280613      8.228        0.0
   2301.000     1.0493     62.887   2.752901   3.281529      8.227        0.0
   2301.250     1.0491     62.887   2.752901   3.280919      8.226        0.0
   2301.500     1.0490     62.887   2.752859   3.281910      8.225        0.0
   2301.750     1.0487     62.878   2.752793   3.281071      8.225        0.0
   2302.000     1.0485     62.884   2.752823   3.280766      8.227        0.0
   2302.250     1.0482     62.872   2.752841   3.281758      8.226        0.0
   2302.500     1.0483     62.872   2.752835   3.281605      8.229        0.0
   2302.750     1.0482     62.881   2.752835   3.280842      8.229        0.0
   2303.000     1.0481     62.872   2.752793   3.282216      8.227        0.0
   2303.250     1.0479     62.854   2.752865   3.280766      8.229        0.0
   2303.500     1.0479     62.863   2.752823   3.281147      8.225        0.0
   2303.750     1.0481     62.857   2.752865   3.281987      8.225        0.0
   2304.000     1.0482     62.851   2.752859   3.282063      8.230        0.0
   2304.250     1.0484     62.842   2.752859   3.281453      8.224        0.0
   2304.500     1.0483     62.842   2.752799   3.281758      8.228        0.0
   2304.750     1.0481     62.833   2.752762   3.281071      8.225        0.0
   2305.000     1.0477     62.839   2.752774   3.281300      8.224        0.0
   2305.250     1.0476     62.833   2.752817   3.281071      8.225        0.0
   2305.500     1.0476     62.839   2.752835   3.280919      8.224        0.0
   2305.750     1.0478     62.851   2.752841   3.280766      8.227        0.0
   2306.000     1.0481     62.848   2.752841   3.280613      8.226        0.0
   2306.250     1.0483     62.863   2.752925   3.281224      8.227        0.0
   2306.500     1.0486     62.854   2.752901   3.281453      8.226        0.0
   2306.750     1.0487     62.881   2.752793   3.281147      8.224        0.0
   2307.000     1.0484     62.903   2.752720   3.280766      8.226        0.0
   2307.250     1.0478     62.909   2.752642   3.280766      8.230        0.0
