doc/SBE19plus_01908106_2023_06_19_0001.cnv
* Sea-Bird SBE19plus  Data File:
* FileName = C:\CTD\202301_162_L2\SBE19plus_01908106_2023_06_19_0001.hex
* Software version 2.8.0.119
* Temperature SN = 8106
* Conductivity SN = 8106
* System UpLoad Time = Jun 19 2023 19:00:06
* <ApplicationData>
* <Seaterm232>
# nquan = 7
# nvalues = 11245
# units = specified
# name 1 = timeS: Time, Elapsed [seconds]
# name 2 = tv290C: Temperature [ITS-90, deg C]
# name 3 = prdM: Pressure, Strain Gauge [db]
# name 4 = c0S/m: Conductivity [S/m]
# name 5 = sbeox0V: Oxygen raw, SBE 43 [V]
# name 6 = ph: pH
# name 7 = flag:  0.000e+00
# span 1 =          0,       2811
# span 2 =     1.0093,     5.4247
# span 3 =     -0.161,     63.505
# span 4 =   0.000251,    3.08075
# span 5 = 2.36064698252842, 3.60631723506523
# span 6 =      6.683,      8.375
# span 7 =          0,          0
# interval = seconds: 0.25
# start_time = Jun 19 2023 07:15:23 [Instrument's time stamp, header]
# bad_flag = -9.990e-29
*END*
[from data line 8001]
   2000.250     1.1051     62.808   2.757628   3.286564      8.229        0.0
   2000.500     1.1050     62.826   2.757586   3.286336      8.227        0.0
   2000.750     1.1047     62.823   2.757543   3.286336      8.228        0.0
   2001.000     1.1042     62.832   2.757525   3.287098      8.228        0.0
   2001.250     1.1036     62.850   2.757405   3.286412      8.228        0.0
   2001.500     1.1030     62.844   2.757417   3.286717      8.226        0.0
   2001.750     1.1025     62.853   2.757435   3.286183      8.234        0.0
   2002.000     1.1022     62.875   2.757465   3.285878      8.226        0.0
   2002.250     1.1025     62.862   2.757543   3.285496      8.227        0.0
   2002.500     1.1031     62.878   2.757610   3.285954      8.227        0.0
   2002.750     1.1035     62.893   2.757652   3.287251      8.228        0.0
   2003.000     1.1042     62.896   2.757676   3.287633      8.230        0.0
   2003.250     1.1048     62.893   2.757706   3.287404      8.231        0.0
   2003.500     1.1050     62.890   2.757568   3.287022      8.230        0.0
   2003.750     1.1047     62.884   2.757435   3.286717      8.229        0.0
   2004.000     1.1038     62.875   2.757483   3.287404      8.230        0.0
   2004.250     1.1033     62.856   2.757465   3.287022      8.226        0.0
   2004.500     1.1030     62.853   2.757362   3.287098      8.227        0.0
   2004.750     1.1024     62.844   2.757320   3.286030      8.228        0.0
   2005.000     1.1019     62.826   2.757393   3.286412      8.227        0.0
   2005.250     1.1016     62.814   2.757393   3.285725      8.231        0.0
   2005.500     1.1015     62.811   2.757320   3.284962      8.230        0.0
   2005.750     1.1015     62.799   2.757284   3.285191      8.227        0.0
   2006.000     1.1011     62.793   2.757290   3.286259      8.227        0.0
   2006.250     1.1009     62.790   2.757308   3.285115      8.226        0.0
   2006.500     1.1006     62.802   2.757308   3.285649      8.227        0.0
   2006.750     1.1007     62.820   2.757320   3.285344      8.229        0.0
   2007.000     1.1008     62.835   2.757266   3.284276      8.229        0.0
   2007.250     1.1008     62.859   2.757375   3.286183      8.232        0.0
   2007.500     1.1010     62.866   2.757393   3.285115      8.230        0.0
   2007.750     1.1013     62.887   2.757405   3.285191      8.226        0.0
   2008.000     1.1014     62.905   2.757387   3.285115      8.231        0.0
   2008.250     1.1017     62.902   2.757393   3.283894      8.230        0.0
   2008.500     1.1017     62.911   2.757417   3.285496      8.226        0.0
   2008.750     1.1019     62.908   2.757387   3.285191      8.231        0.0
   2009.000     1.1019     62.893   2.757362   3.287022      8.230        0.0
   2009.250     1.1018     62.875   2.757350   3.285954      8.228        0.0
   2009.500     1.1018     62.847   2.757417   3.286336      8.226        0.0
   2009.750     1.1018     62.847   2.757423   3.286107      8.230        0.0
   2010.000     1.1020     62.835   2.757387   3.287556      8.231        0.0
   2010.250     1.1021     62.817   2.757362   3.286717      8.227        0.0
   2010.500     1.1018     62.805   2.757375   3.287709      8.228        0.0
   2010.750     1.1018     62.802   2.757393   3.287175      8.228        0.0
   2011.000     1.1017     62.802   2.757320   3.285878      8.229        0.0
   2011.250     1.1015     62.802   2.757344   3.287251      8.226        0.0
   2011.500     1.1014     62.817   2.757375   3.285191      8.227        0.0
   2011.750     1.1015     62.823   2.757375   3.285115      8.227        0.0
   2012.000     1.1015     62.820   2.757350   3.284428      8.229        0.0
   2012.250     1.1015     62.841   2.757284   3.285878      8.231        0.0
   2012.500     1.1010     62.850   2.757302   3.285191      8.227        0.0
   2012.750     1.1010     62.853   2.757375   3.284886      8.230        0.0
   2013.000     1.1012     62.863   2.757417   3.285649      8.230        0.0
   2013.250     1.1014     62.878   2.757423   3.285649      8.231        0.0
   2013.500     1.1017     62.884   2.757387   3.283360      8.229        0.0
   2013.750     1.1019     62.887   2.757465   3.284504      8.231        0.0
   2014.000     1.1022     62.887   2.757435   3.285267      8.227        0.0
   2014.250     1.1022     62.884   2.757483   3.285954      8.226        0.0
   2014.500     1.1025     62.881   2.757447   3.285496      8.228        0.0
   2014.750     1.1027     62.881   2.757483   3.285420      8.223        0.0
   2015.000     1.1027     62.887   2.757525   3.286030      8.230        0.0
   2015.250     1.1030     62.875   2.757543   3.286336      8.229        0.0
   2015.500     1.1034     62.869   2.757543   3.286641      8.231        0.0
   2015.750     1.1035     62.859   2.757507   3.286488      8.226        0.0
   2016.000     1.1034     62.859   2.757525   3.285420      8.226        0.0
   2016.250     1.1035     62.860   2.757501   3.286336      8.229        0.0
   2016.500     1.1034     62.853   2.757483   3.286183      8.230        0.0
   2016.750     1.1032     62.856   2.757465   3.286107      8.229        0.0
   2017.000     1.1030     62.863   2.757483   3.285878      8.228        0.0
   2017.250     1.1030     62.866   2.757543   3.285649      8.229        0.0
   2017.500     1.1031     62.893   2.757525   3.285954      8.231        0.0
   2017.750     1.1033     62.893   2.757447   3.286259      8.229        0.0
   2018.000     1.1030     62.896   2.757405   3.285649      8.229        0.0
   2018.250     1.1025     62.917   2.757423   3.285725      8.226        0.0
   2018.500     1.1022     62.920   2.757459   3.285191      8.228        0.0
   2018.750     1.1024     62.917   2.757501   3.286717      8.230        0.0
   2019.000     1.1027     62.914   2.757447   3.285649      8.228        0.0
   2019.250     1.1026     62.911   2.757302   3.285725      8.228        0.0
   2019.500     1.1019     62.893   2.757332   3.285039      8.227        0.0
   2019.750     1.1015     62.884   2.757375   3.285878      8.230        0.0
   2020.000     1.1013     62.869   2.757350   3.285649      8.227        0.0
   2020.250     1.1014     62.875   2.757387   3.286336      8.232        0.0
   2020.500     1.1015     62.863   2.757224   3.285496      8.230        0.0
   2020.750     1.1011     62.850   2.757332   3.284428      8.227        0.0
   2021.000     1.1010     62.829   2.757417   3.285725      8.226        0.0
   2021.250     1.1013     62.838   2.757284   3.285878      8.226        0.0
   2021.500     1.1010     62.835   2.757260   3.286336      8.231        0.0
   2021.750     1.1007     62.841   2.757260   3.286183      8.233        0.0
   2022.000     1.1004     62.847   2.757290   3.286488      8.228        0.0
   2022.250     1.1003     62.850   2.757393   3.285573      8.230        0.0
   2022.500     1.1009     62.863   2.757423   3.285878      8.229        0.0
   2022.750     1.1016     62.856   2.757447   3.286870      8.232        0.0
   2023.000     1.1020     62.856   2.757417   3.285954      8.227        0.0
   2023.250     1.1021     62.853   2.757417   3.287022      8.229        0.0
   2023.500     1.1022     62.850   2.757405   3.286488      8.229        0.0
   2023.750     1.1021     62.856   2.757362   3.287480      8.227        0.0
   2024.000     1.1018     62.860   2.757320   3.286030      8.228        0.0
   2024.250     1.1015     62.860   2.757308   3.286336      8.231        0.0
   2024.500     1.1013     62.866   2.757350   3.286336      8.230        0.0
   2024.750     1.1012     62.869   2.757362   3.287175      8.227        0.0
   2025.000     1.1013     62.869   2.757405   3.286030      8.227        0.0
   2025.250     1.1015     62.881   2.757350   3.286641      8.228        0.0
   2025.500     1.1016     62.887   2.757350   3.286183      8.230        0.0
   2025.750     1.1013     62.881   2.757350   3.287633      8.229        0.0
   2026.000     1.1014     62.893   2.757344   3.287404      8.229        0.0
   2026.250     1.1014     62.881   2.757375   3.286183      8.230        0.0
   2026.500     1.1015     62.872   2.757375   3.286336      8.226        0.0
   2026.750     1.1015     62.872   2.757350   3.286488      8.228        0.0
   2027.000     1.1015     62.869   2.757362   3.286183      8.226        0.0
   2027.250     1.1015     62.866   2.757344   3.286336      8.230        0.0
   2027.500     1.1014     62.884   2.757350   3.288090      8.229        0.0
   2027.750     1.1014     62.863   2.757290   3.287709      8.230        0.0
   2028.000     1.1013     62.878   2.757224   3.287022      8.225        0.0
   2028.250     1.1007     62.878   2.757302   3.287480      8.229        0.0
   2028.500     1.1004     62.884   2.757344   3.286336      8.229        0.0
   2028.750     1.1009     62.887   2.757375   3.287022      8.227        0.0
   2029.000     1.1013     62.902   2.757375   3.287175      8.231        0.0
   2029.250     1.1015     62.902   2.757387   3.286793      8.228        0.0
   2029.500     1.1016     62.917   2.757362   3.287022      8.230        0.0
   2029.750     1.1016     62.914   2.757350   3.287098      8.228        0.0
   2030.000     1.1015     62.908   2.757350   3.286564      8.227        0.0
   2030.250     1.1015     62.905   2.757344   3.287327      8.227        0.0
   2030.500     1.1014     62.887   2.757320   3.286488      8.231        0.0
   2030.750     1.1013     62.869   2.757332   3.286412      8.231        0.0
   2031.000     1.1013     62.863   2.757375   3.286412      8.227        0.0
   2031.250     1.1013     62.844   2.757350   3.286564      8.230        0.0
   2031.500     1.1013     62.838   2.757320   3.286870      8.228        0.0
   2031.750     1.1013     62.838   2.757320   3.286717      8.226        0.0
   2032.000     1.1013     62.826   2.757332   3.286030      8.231        0.0
   2032.250     1.1014     62.823   2.757350   3.285496      8.227        0.0
   2032.500     1.1012     62.829   2.757320   3.286259      8.233        0.0
   2032.750     1.1012     62.829   2.757344   3.285344      8.229        0.0
   2033.000     1.1014     62.847   2.757332   3.284886      8.229        0.0
   2033.250     1.1013     62.844   2.757332   3.284733      8.228        0.0
   2033.500     1.1013     62.850   2.757308   3.284276      8.229        0.0
   2033.750     1.1011     62.872   2.757320   3.285420      8.227        0.0
   2034.000     1.1011     62.869   2.757320   3.284962      8.230        0.0
   2034.250     1.1011     62.881   2.757308   3.284810      8.225        0.0
   2034.500     1.1009     62.884   2.757248   3.285725      8.227        0.0
   2034.750     1.1007     62.881   2.757242   3.285344      8.230        0.0
   2035.000     1.1004     62.887   2.757242   3.286183      8.231        0.0
   2035.250     1.1002     62.890   2.757266   3.283818      8.227        0.0
   2035.500     1.1002     62.890   2.757248   3.284962      8.229        0.0
   2035.750     1.1001     62.893   2.757224   3.285725      8.224        0.0
   2036.000     1.0999     62.887   2.757242   3.285496      8.226        0.0
   2036.250     1.1000     62.884   2.757157   3.285496      8.225        0.0
   2036.500     1.1000     62.893   2.757248   3.285725      8.231        0.0
   2036.750     1.1000     62.887   2.757224   3.286488      8.230        0.0
   2037.000     1.0999     62.896   2.757284   3.285039      8.229        0.0
   2037.250     1.1001     62.890   2.757200   3.285344      8.230        0.0
   2037.500     1.1001     62.890   2.757182   3.285267      8.226        0.0
   2037.750     1.0998     62.884   2.757224   3.286107      8.228        0.0
   2038.000     1.0998     62.884   2.757200   3.285954      8.227        0.0
   2038.250     1.0998     62.881   2.757224   3.286183      8.230        0.0
   2038.500     1.0999     62.896   2.757224   3.285725      8.226        0.0
   2038.750     1.0999     62.887   2.757248   3.286564      8.230        0.0
   2039.000     1.1000     62.890   2.757200   3.286183      8.227        0.0
   2039.250     1.0998     62.902   2.757200   3.286870      8.229        0.0
   2039.500     1.0997     62.905   2.757200   3.285420      8.228        0.0
   2039.750     1.0996     62.911   2.757182   3.285878      8.232        0.0
   2040.000     1.0995     62.923   2.757182   3.287175      8.228        0.0
   2040.250     1.0993     62.923   2.757200   3.285420      8.227        0.0
   2040.500     1.0993     62.929   2.757163   3.286793      8.229        0.0
   2040.750     1.0994     62.942   2.757200   3.287175      8.229        0.0
   2041.000     1.0995     62.911   2.757200   3.286641      8.227        0.0
   2041.250     1.0995     62.920   2.757224   3.286641      8.227        0.0
   2041.500     1.0995     62.905   2.757200   3.287480      8.228        0.0
   2041.750     1.0996     62.872   2.757182   3.287098      8.231        0.0
   2042.000     1.0995     62.847   2.757182   3.286488      8.230        0.0
   2042.250     1.0994     62.835   2.757157   3.286641      8.226        0.0
   2042.500     1.0994     62.826   2.757200   3.287327      8.229        0.0
   2042.750     1.0992     62.811   2.757139   3.287175      8.231        0.0
   2043.000     1.0993     62.790   2.757163   3.286336      8.230        0.0
   2043.250     1.0992     62.787   2.757182   3.287175      8.229        0.0
   2043.500     1.0993     62.780   2.757157   3.286183      8.227        0.0
   2043.750     1.0993     62.787   2.757182   3.286717      8.229        0.0
   2044.000     1.0992     62.805   2.757163   3.286946      8.229        0.0
   2044.250     1.0992     62.799   2.757139   3.285954      8.226        0.0
   2044.500     1.0992     62.838   2.757139   3.286259      8.233        0.0
   2044.750     1.0992     62.853   2.757157   3.285115      8.231        0.0
   2045.000     1.0993     62.872   2.757163   3.285954      8.226        0.0
   2045.250     1.0993     62.887   2.757163   3.286870      8.226        0.0
   2045.500     1.0992     62.908   2.757139   3.285115      8.228        0.0
   2045.750     1.0991     62.890   2.757097   3.286183      8.228        0.0
   2046.000     1.0989     62.899   2.757121   3.285954      8.227        0.0
   2046.250     1.0988     62.902   2.757121   3.285725      8.228        0.0
   2046.500     1.0988     62.899   2.757139   3.285878      8.226        0.0
   2046.750     1.0988     62.896   2.757115   3.285878      8.229        0.0
   2047.000     1.0987     62.881   2.757073   3.285878      8.229        0.0
   2047.250     1.0984     62.853   2.757079   3.286870      8.226        0.0
   2047.500     1.0985     62.863   2.757079   3.285801      8.228        0.0
   2047.750     1.0985     62.841   2.757019   3.286107      8.229        0.0
   2048.000     1.0981     62.838   2.757073   3.286488      8.231        0.0
   2048.250     1.0981     62.829   2.757073   3.286717      8.227        0.0
   2048.500     1.0981     62.820   2.757079   3.287404      8.229        0.0
   2048.750     1.0982     62.832   2.757061   3.286030      8.228        0.0
   2049.000     1.0984     62.832   2.757097   3.286183      8.228        0.0
   2049.250     1.0985     62.832   2.757073   3.286717      8.226        0.0
   2049.500     1.0987     62.844   2.757115   3.286183      8.231        0.0
   2049.750     1.0987     62.866   2.757139   3.287022      8.226        0.0
   2050.000     1.0988     62.872   2.757139   3.286488      8.226        0.0
   2050.250     1.0987     62.908   2.757073   3.286793      8.227        0.0
   2050.500     1.0986     62.926   2.757073   3.287709      8.231        0.0
   2050.750     1.0983     62.939   2.757079   3.285725      8.229        0.0
   2051.000     1.0984     62.945   2.757097   3.286870      8.227        0.0
