doc/SBE19plus_01908106_2023_06_19_0001.cnv
* Sea-Bird SBE19plus  Data File:
* FileName = C:\CTD\202301_162_L2\SBE19plus_01908106_2023_06_19_0001.hex
* Software version 2.8.0.119
* Temperature SN = 8106
* Conductivity SN = 8106
* System UpLoad Time = Jun 19 2023 19:00:06
* <ApplicationData>
* <Seaterm232>
# nquan = 7
# nvalues = 11245
# units = specified
# name 1 = timeS: Time, Elapsed [seconds]
# name 2 = tv290C: Temperature [ITS-90, deg C]
# name 3 = prdM: Pressure, Strain Gauge [db]
# name 4 = c0S/m: Conductivity [S/m]
# name 5 = sbeox0V: Oxygen raw, SBE 43 [V]
# name 6 = ph: pH
# name 7 = flag:  0.000e+00
# span 1 =          0,       2811
# span 2 =     1.0093,     5.4247
# span 3 =     -0.161,     63.505
# span 4 =   0.000251,    3.08075
# span 5 = 2.36064698252842, 3.60631723506523
# span 6 =      6.683,      8.375
# span 7 =          0,          0
# interval = seconds: 0.25
# start_time = Jun 19 2023 07:15:23 [Instrument's time stamp, header]
# bad_flag = -9.990e-29
*END*
[from data line 9847]
   2461.750     1.0108     51.290   2.749072   3.290990      8.228        0.0
   2462.000     1.0100     51.190   2.749132   3.290837      8.228        0.0
   2462.250     1.0101     51.083   2.749114   3.290837      8.231        0.0
   2462.500     1.0101     50.992   2.749096   3.292592      8.230        0.0
   2462.750     1.0100     50.883   2.749264   3.290608      8.227        0.0
   2463.000     1.0108     50.801   2.749276   3.290684      8.229        0.0
   2463.250     1.0116     50.700   2.749294   3.291752      8.227        0.0
   2463.500     1.0122     50.618   2.749349   3.291600      8.232        0.0
   2463.750     1.0125     50.563   2.749156   3.292897      8.225        0.0
   2464.000     1.0121     50.494   2.749373   3.291981      8.228        0.0
   2464.250     1.0125     50.421   2.749499   3.290379      8.228        0.0
   2464.500     1.0136     50.390   2.749397   3.291600      8.229        0.0
   2464.750     1.0141     50.335   2.749499   3.292439      8.229        0.0
   2465.000     1.0142     50.275   2.749222   3.292363      8.229        0.0
   2465.250     1.0136     50.205   2.749180   3.292058      8.231        0.0
   2465.500     1.0127     50.147   2.749246   3.291905      8.226        0.0
   2465.750     1.0124     50.068   2.749192   3.292668      8.230        0.0
   2466.000     1.0121     49.983   2.749318   3.291752      8.232        0.0
   2466.250     1.0126     49.895   2.749276   3.291676      8.229        0.0
   2466.500     1.0128     49.800   2.749348   3.292210      8.231        0.0
   2466.750     1.0131     49.737   2.749415   3.292287      8.226        0.0
   2467.000     1.0137     49.627   2.749258   3.291905      8.227        0.0
   2467.250     1.0136     49.551   2.749258   3.292210      8.228        0.0
   2467.500     1.0131     49.463   2.749258   3.291905      8.230        0.0
   2467.750     1.0130     49.369   2.749216   3.292515      8.226        0.0
   2468.000     1.0127     49.284   2.749625   3.291905      8.224        0.0
   2468.250     1.0143     49.205   2.749649   3.292134      8.227        0.0
   2468.500     1.0161     49.110   2.749661   3.292515      8.225        0.0
   2468.750     1.0171     49.004   2.749637   3.292744      8.231        0.0
   2469.000     1.0176     48.919   2.749619   3.292439      8.227        0.0
   2469.250     1.0176     48.819   2.749541   3.292668      8.230        0.0
   2469.500     1.0174     48.743   2.749692   3.293660      8.230        0.0
   2469.750     1.0177     48.630   2.749710   3.292897      8.230        0.0
   2470.000     1.0181     48.542   2.749481   3.293889      8.227        0.0
   2470.250     1.0176     48.423   2.749354   3.294347      8.228        0.0
   2470.500     1.0163     48.329   2.749354   3.293889      8.229        0.0
   2470.750     1.0156     48.238   2.749372   3.293889      8.231        0.0
   2471.000     1.0152     48.147   2.749288   3.292439      8.227        0.0
   2471.250     1.0146     48.071   2.749432   3.293507      8.227        0.0
   2471.500     1.0149     47.976   2.749456   3.293965      8.229        0.0
   2471.750     1.0154     47.888   2.749438   3.293812      8.227        0.0
   2472.000     1.0157     47.803   2.749498   3.293278      8.228        0.0
   2472.250     1.0162     47.730   2.749432   3.292287      8.227        0.0
   2472.500     1.0162     47.657   2.749456   3.292821      8.230        0.0
   2472.750     1.0161     47.602   2.749191   3.292973      8.229        0.0
   2473.000     1.0150     47.530   2.749095   3.292668      8.231        0.0
   2473.250     1.0138     47.447   2.749257   3.292592      8.228        0.0
   2473.500     1.0136     47.387   2.749348   3.293431      8.229        0.0
   2473.750     1.0142     47.308   2.749390   3.293126      8.228        0.0
   2474.000     1.0147     47.235   2.749456   3.294041      8.228        0.0
   2474.250     1.0155     47.156   2.749396   3.293355      8.229        0.0
   2474.500     1.0157     47.058   2.749378   3.292439      8.231        0.0
   2474.750     1.0157     46.958   2.749318   3.293431      8.231        0.0
   2475.000     1.0153     46.870   2.749263   3.293202      8.226        0.0
   2475.250     1.0150     46.763   2.749245   3.293812      8.230        0.0
   2475.500     1.0146     46.663   2.749263   3.293965      8.227        0.0
   2475.750     1.0144     46.538   2.749034   3.293965      8.229        0.0
   2476.000     1.0134     46.426   2.748974   3.294347      8.230        0.0
   2476.250     1.0124     46.314   2.749052   3.295567      8.227        0.0
   2476.500     1.0120     46.186   2.749112   3.296178      8.227        0.0
   2476.750     1.0123     46.082   2.749137   3.294423      8.228        0.0
   2477.000     1.0127     45.961   2.749155   3.294118      8.231        0.0
   2477.250     1.0130     45.839   2.749094   3.295262      8.229        0.0
   2477.500     1.0130     45.739   2.749094   3.295262      8.228        0.0
   2477.750     1.0130     45.648   2.749112   3.295491      8.227        0.0
   2478.000     1.0129     45.554   2.749028   3.294652      8.229        0.0
   2478.250     1.0126     45.474   2.749052   3.294347      8.229        0.0
   2478.500     1.0125     45.405   2.749335   3.294499      8.229        0.0
   2478.750     1.0136     45.335   2.749275   3.295262      8.229        0.0
   2479.000     1.0145     45.268   2.749389   3.294804      8.228        0.0
   2479.250     1.0156     45.213   2.749474   3.296178      8.229        0.0
   2479.500     1.0166     45.131   2.749431   3.294804      8.228        0.0
   2479.750     1.0170     45.085   2.749480   3.294270      8.226        0.0
   2480.000     1.0174     44.991   2.749456   3.295262      8.230        0.0
   2480.250     1.0176     44.915   2.749317   3.295491      8.227        0.0
   2480.500     1.0171     44.830   2.749456   3.294804      8.227        0.0
   2480.750     1.0173     44.745   2.749582   3.295338      8.229        0.0
   2481.000     1.0178     44.654   2.749431   3.295491      8.227        0.0
   2481.250     1.0180     44.550   2.749437   3.294728      8.227        0.0
   2481.500     1.0178     44.447   2.749293   3.294194      8.230        0.0
   2481.750     1.0168     44.331   2.749431   3.294423      8.228        0.0
   2482.000     1.0171     44.228   2.749540   3.295338      8.232        0.0
   2482.250     1.0179     44.106   2.749497   3.295644      8.230        0.0
   2482.500     1.0185     43.988   2.749516   3.295796      8.229        0.0
   2482.750     1.0187     43.854   2.749437   3.295949      8.229        0.0
   2483.000     1.0188     43.732   2.749371   3.294652      8.225        0.0
   2483.250     1.0182     43.611   2.749329   3.294652      8.226        0.0
   2483.500     1.0175     43.501   2.749329   3.296025      8.230        0.0
   2483.750     1.0172     43.389   2.749437   3.296254      8.230        0.0
   2484.000     1.0175     43.289   2.749317   3.296025      8.227        0.0
   2484.250     1.0174     43.176   2.749413   3.295949      8.230        0.0
   2484.500     1.0174     43.085   2.749371   3.296101      8.232        0.0
   2484.750     1.0176     43.015   2.749304   3.296101      8.229        0.0
   2485.000     1.0175     42.930   2.749304   3.295262      8.231        0.0
   2485.250     1.0171     42.839   2.749256   3.294957      8.227        0.0
   2485.500     1.0170     42.763   2.749292   3.294804      8.229        0.0
   2485.750     1.0169     42.690   2.749328   3.296101      8.227        0.0
   2486.000     1.0169     42.617   2.749244   3.296635      8.229        0.0
   2486.250     1.0167     42.529   2.749286   3.294804      8.227        0.0
   2486.500     1.0167     42.447   2.749256   3.294957      8.227        0.0
   2486.750     1.0167     42.331   2.749232   3.296254      8.228        0.0
   2487.000     1.0167     42.228   2.749214   3.296101      8.233        0.0
   2487.250     1.0166     42.109   2.749346   3.295644      8.231        0.0
   2487.500     1.0170     42.015   2.749563   3.295949      8.227        0.0
   2487.750     1.0185     41.905   2.749539   3.296025      8.231        0.0
   2488.000     1.0196     41.784   2.749539   3.295872      8.230        0.0
   2488.250     1.0200     41.680   2.749214   3.296254      8.231        0.0
   2488.500     1.0189     41.541   2.749244   3.297169      8.230        0.0
   2488.750     1.0181     41.440   2.749388   3.296559      8.232        0.0
   2489.000     1.0179     41.328   2.749304   3.296407      8.228        0.0
   2489.250     1.0179     41.218   2.749316   3.296941      8.228        0.0
   2489.500     1.0181     41.106   2.749214   3.296635      8.226        0.0
   2489.750     1.0176     40.990   2.749195   3.297093      8.228        0.0
   2490.000     1.0174     40.875   2.749304   3.297322      8.229        0.0
   2490.250     1.0172     40.778   2.749346   3.296254      8.229        0.0
   2490.500     1.0178     40.686   2.749454   3.296254      8.230        0.0
   2490.750     1.0189     40.583   2.749677   3.296941      8.228        0.0
   2491.000     1.0205     40.467   2.749352   3.297246      8.231        0.0
   2491.250     1.0204     40.373   2.749304   3.295872      8.231        0.0
   2491.500     1.0195     40.279   2.749412   3.296712      8.228        0.0
   2491.750     1.0193     40.200   2.749286   3.296330      8.231        0.0
   2492.000     1.0188     40.100   2.749213   3.296407      8.231        0.0
   2492.250     1.0183     39.993   2.749153   3.295491      8.231        0.0
   2492.500     1.0176     39.899   2.749219   3.295949      8.227        0.0
   2492.750     1.0175     39.777   2.749285   3.296101      8.228        0.0
   2493.000     1.0177     39.677   2.749243   3.295491      8.227        0.0
   2493.250     1.0178     39.552   2.749189   3.296178      8.228        0.0
   2493.500     1.0178     39.449   2.749111   3.295415      8.227        0.0
   2493.750     1.0172     39.309   2.749231   3.296483      8.231        0.0
   2494.000     1.0175     39.203   2.749261   3.295491      8.231        0.0
   2494.250     1.0179     39.112   2.749430   3.297246      8.230        0.0
   2494.500     1.0190     38.993   2.749261   3.296407      8.230        0.0
   2494.750     1.0192     38.887   2.749291   3.296330      8.226        0.0
   2495.000     1.0191     38.756   2.749291   3.296864      8.230        0.0
   2495.250     1.0192     38.653   2.749285   3.296635      8.229        0.0
   2495.500     1.0191     38.543   2.749261   3.297398      8.227        0.0
   2495.750     1.0189     38.452   2.749261   3.297093      8.231        0.0
   2496.000     1.0189     38.309   2.749213   3.297627      8.230        0.0
   2496.250     1.0185     38.196   2.749171   3.298314      8.230        0.0
   2496.500     1.0183     38.084   2.749375   3.298466      8.229        0.0
   2496.750     1.0190     37.962   2.749219   3.297932      8.229        0.0
   2497.000     1.0193     37.856   2.749152   3.298314      8.231        0.0
   2497.250     1.0186     37.744   2.749152   3.297856      8.229        0.0
   2497.500     1.0182     37.607   2.749213   3.297780      8.228        0.0
   2497.750     1.0182     37.488   2.749128   3.298543      8.228        0.0
   2498.000     1.0181     37.370   2.749219   3.298466      8.229        0.0
   2498.250     1.0185     37.269   2.749194   3.298466      8.230        0.0
   2498.500     1.0184     37.136   2.749176   3.298772      8.230        0.0
   2498.750     1.0186     37.038   2.749212   3.298619      8.231        0.0
   2499.000     1.0188     36.929   2.749170   3.297627      8.227        0.0
   2499.250     1.0188     36.798   2.749255   3.297780      8.230        0.0
   2499.500     1.0189     36.695   2.749134   3.299611      8.227        0.0
   2499.750     1.0189     36.591   2.749152   3.299840      8.227        0.0
   2500.000     1.0187     36.494   2.749134   3.298466      8.227        0.0
   2500.250     1.0186     36.369   2.749212   3.298924      8.227        0.0
   2500.500     1.0188     36.260   2.749110   3.298466      8.228        0.0
   2500.750     1.0186     36.151   2.749068   3.299992      8.230        0.0
   2501.000     1.0182     36.053   2.749050   3.298924      8.227        0.0
   2501.250     1.0179     35.947   2.749025   3.299306      8.230        0.0
   2501.500     1.0177     35.843   2.749049   3.297780      8.228        0.0
   2501.750     1.0177     35.731   2.749110   3.299229      8.227        0.0
   2502.000     1.0181     35.603   2.749110   3.298695      8.228        0.0
   2502.250     1.0182     35.463   2.749067   3.298848      8.227        0.0
   2502.500     1.0184     35.354   2.749110   3.298924      8.229        0.0
   2502.750     1.0184     35.220   2.749152   3.298848      8.231        0.0
   2503.000     1.0187     35.074   2.749152   3.298695      8.229        0.0
   2503.250     1.0190     34.916   2.749188   3.300145      8.225        0.0
   2503.500     1.0196     34.792   2.749290   3.299916      8.230        0.0
   2503.750     1.0202     34.655   2.749284   3.298848      8.228        0.0
   2504.000     1.0206     34.527   2.749218   3.300221      8.227        0.0
   2504.250     1.0205     34.399   2.749218   3.299840      8.228        0.0
   2504.500     1.0204     34.263   2.749170   3.299763      8.231        0.0
   2504.750     1.0202     34.135   2.749127   3.300221      8.230        0.0
   2505.000     1.0199     34.010   2.749049   3.300603      8.230        0.0
   2505.250     1.0193     33.898   2.749133   3.300374      8.232        0.0
   2505.500     1.0193     33.797   2.749109   3.299611      8.228        0.0
   2505.750     1.0195     33.697   2.749025   3.300069      8.228        0.0
   2506.000     1.0192     33.542   2.748705   3.300145      8.229        0.0
   2506.250     1.0176     33.430   2.748784   3.300069      8.231        0.0
   2506.500     1.0166     33.314   2.748639   3.300298      8.231        0.0
   2506.750     1.0158     33.220   2.748513   3.300603      8.226        0.0
   2507.000     1.0144     33.098   2.748513   3.300069      8.228        0.0
   2507.250     1.0137     32.970   2.748705   3.300603      8.231        0.0
   2507.500     1.0142     32.858   2.748946   3.299763      8.228        0.0
   2507.750     1.0159     32.721   2.749151   3.301213      8.231        0.0
   2508.000     1.0180     32.569   2.749217   3.300298      8.229        0.0
   2508.250     1.0197     32.426   2.749175   3.299840      8.229        0.0
   2508.500     1.0205     32.320   2.749133   3.299992      8.230        0.0
   2508.750     1.0208     32.195   2.749109   3.300069      8.231        0.0
   2509.000     1.0207     32.068   2.749127   3.299840      8.230        0.0
   2509.250     1.0208     31.940   2.749193   3.301289      8.232        0.0
   2509.500     1.0211     31.840   2.749283   3.299077      8.227        0.0
   2509.750     1.0218     31.748   2.749452   3.300298      8.228        0.0
   2510.000     1.0231     31.663   2.749512   3.301061      8.229        0.0
   2510.250     1.0243     31.578   2.749494   3.299916      8.227        0.0
   2510.500     1.0250     31.511   2.749536   3.300221      8.226        0.0
   2510.750     1.0257     31.557   2.749560   3.300221      8.228        0.0
   2511.000     1.0261     31.472   2.749663   3.299763      8.230        0.0
   2511.250     1.0265     31.411   2.749603   3.299763      8.230        0.0
   2511.500     1.0267     31.402   2.749476   3.300145      8.229        0.0
   2511.750     1.0265     31.338   2.749693   3.300526      8.233        0.0
   2512.000     1.0268     31.271   2.749621   3.300908      8.228        0.0
   2512.250     1.0270     31.210   2.749518   3.301061      8.227        0.0
   2512.500     1.0266     31.113   2.749386   3.300526      8.227        0.0
