doc/SBE19plus_01908106_2023_06_19_0001.cnv
* Sea-Bird SBE19plus  Data File:
* FileName = C:\CTD\202301_162_L2\SBE19plus_01908106_2023_06_19_0001.hex
* Software version 2.8.0.119
* Temperature SN = 8106
* Conductivity SN = 8106
* System UpLoad Time = Jun 19 2023 19:00:06
* <ApplicationData>
* <Seaterm232>
# nquan = 7
# nvalues = 11245
# units = specified
# name 1 = timeS: Time, Elapsed [seconds]
# name 2 = tv290C: Temperature [ITS-90, deg C]
# name 3 = prdM: Pressure, Strain Gauge [db]
# name 4 = c0S/m: Conductivity [S/m]
# name 5 = sbeox0V: Oxygen raw, SBE 43 [V]
# name 6 = ph: pH
# name 7 = flag:  0.000e+00
# span 1 =          0,       2811
# span 2 =     1.0093,     5.4247
# span 3 =     -0.161,     63.505
# span 4 =   0.000251,    3.08075
# span 5 = 2.36064698252842, 3.60631723506523
# span 6 =      6.683,      8.375
# span 7 =          0,          0
# interval = seconds: 0.25
# start_time = Jun 19 2023 07:15:23 [Instrument's time stamp, header]
# bad_flag = -9.990e-29
*END*
[from data line 4308]
   1077.000     1.2946     62.643   2.773446   3.304723      8.234        0.0
   1077.250     1.2943     62.640   2.773512   3.305486      8.239        0.0
   1077.500     1.2944     62.631   2.773548   3.306096      8.237        0.0
   1077.750     1.2946     62.631   2.773488   3.306020      8.237        0.0
   1078.000     1.2945     62.637   2.773530   3.306554      8.233        0.0
   1078.250     1.2946     62.634   2.773536   3.305715      8.234        0.0
   1078.500     1.2946     62.624   2.773506   3.305562      8.236        0.0
   1078.750     1.2946     62.631   2.773548   3.304341      8.236        0.0
   1079.000     1.2949     62.627   2.773579   3.304875      8.236        0.0
   1079.250     1.2949     62.627   2.773573   3.305333      8.237        0.0
   1079.500     1.2951     62.640   2.773573   3.305333      8.234        0.0
   1079.750     1.2950     62.627   2.773536   3.306554      8.236        0.0
   1080.000     1.2949     62.631   2.773125   3.304570      8.234        0.0
   1080.250     1.2932     62.640   2.773343   3.305257      8.238        0.0
   1080.500     1.2928     62.649   2.772950   3.305409      8.235        0.0
   1080.750     1.2909     62.637   2.773319   3.305638      8.236        0.0
   1081.000     1.2909     62.637   2.773548   3.305867      8.238        0.0
   1081.250     1.2926     62.643   2.773645   3.305791      8.238        0.0
   1081.500     1.2942     62.637   2.773597   3.305257      8.236        0.0
   1081.750     1.2949     62.640   2.773506   3.304875      8.239        0.0
   1082.000     1.2950     62.631   2.773385   3.304494      8.237        0.0
   1082.250     1.2944     62.640   2.773385   3.305028      8.237        0.0
   1082.500     1.2940     62.634   2.773409   3.304952      8.238        0.0
   1082.750     1.2936     62.631   2.773470   3.303883      8.237        0.0
   1083.000     1.2939     62.634   2.773554   3.304417      8.233        0.0
   1083.250     1.2943     62.624   2.773506   3.304875      8.235        0.0
   1083.500     1.2946     62.621   2.773506   3.305028      8.234        0.0
   1083.750     1.2946     62.618   2.773554   3.304723      8.239        0.0
   1084.000     1.2946     62.624   2.773385   3.305333      8.234        0.0
   1084.250     1.2942     62.624   2.773470   3.304494      8.240        0.0
   1084.500     1.2938     62.624   2.773403   3.305028      8.234        0.0
   1084.750     1.2937     62.628   2.773361   3.304417      8.240        0.0
   1085.000     1.2932     62.637   2.773162   3.305257      8.236        0.0
   1085.250     1.2921     62.646   2.773264   3.306706      8.239        0.0
   1085.500     1.2917     62.655   2.773385   3.306020      8.237        0.0
   1085.750     1.2921     62.640   2.773409   3.304341      8.239        0.0
   1086.000     1.2928     62.652   2.773506   3.306554      8.238        0.0
   1086.250     1.2935     62.658   2.773494   3.305715      8.239        0.0
   1086.500     1.2941     62.667   2.773494   3.305257      8.236        0.0
   1086.750     1.2942     62.664   2.773506   3.305028      8.238        0.0
   1087.000     1.2944     62.667   2.773470   3.304341      8.239        0.0
   1087.250     1.2943     62.661   2.773470   3.305638      8.235        0.0
   1087.500     1.2942     62.661   2.773470   3.304189      8.233        0.0
   1087.750     1.2942     62.652   2.773512   3.305638      8.238        0.0
   1088.000     1.2943     62.646   2.773512   3.304952      8.237        0.0
   1088.250     1.2943     62.640   2.773446   3.305180      8.235        0.0
   1088.500     1.2944     62.640   2.773488   3.304570      8.239        0.0
   1088.750     1.2945     62.628   2.773512   3.304952      8.237        0.0
   1089.000     1.2946     62.625   2.773506   3.306249      8.237        0.0
   1089.250     1.2946     62.621   2.773506   3.305257      8.237        0.0
   1089.500     1.2948     62.625   2.773470   3.305715      8.238        0.0
   1089.750     1.2946     62.631   2.773530   3.305562      8.237        0.0
   1090.000     1.2947     62.612   2.773530   3.306325      8.237        0.0
   1090.250     1.2948     62.631   2.773470   3.305715      8.236        0.0
   1090.500     1.2946     62.634   2.773385   3.304952      8.233        0.0
   1090.750     1.2941     62.640   2.773307   3.305333      8.236        0.0
   1091.000     1.2932     62.658   2.773282   3.304189      8.238        0.0
   1091.250     1.2927     62.664   2.773276   3.304875      8.234        0.0
   1091.500     1.2922     62.673   2.773325   3.304189      8.238        0.0
   1091.750     1.2922     62.682   2.773367   3.303807      8.235        0.0
   1092.000     1.2924     62.691   2.773361   3.303655      8.239        0.0
   1092.250     1.2925     62.685   2.773234   3.304570      8.236        0.0
   1092.500     1.2921     62.685   2.773143   3.304494      8.237        0.0
   1092.750     1.2913     62.679   2.773168   3.303883      8.237        0.0
   1093.000     1.2909     62.673   2.773210   3.305409      8.236        0.0
   1093.250     1.2909     62.661   2.773162   3.304189      8.237        0.0
   1093.500     1.2908     62.658   2.773301   3.303655      8.235        0.0
   1093.750     1.2911     62.634   2.773343   3.304036      8.237        0.0
   1094.000     1.2918     62.631   2.773343   3.305028      8.236        0.0
   1094.250     1.2924     62.628   2.773325   3.304570      8.235        0.0
   1094.500     1.2923     62.615   2.773083   3.304036      8.239        0.0
   1094.750     1.2913     62.606   2.773204   3.304494      8.239        0.0
   1095.000     1.2910     62.597   2.772980   3.305028      8.237        0.0
   1095.250     1.2900     62.606   2.773083   3.306020      8.239        0.0
   1095.500     1.2896     62.603   2.773150   3.305715      8.238        0.0
   1095.750     1.2898     62.615   2.773119   3.305028      8.240        0.0
   1096.000     1.2900     62.628   2.773101   3.304952      8.235        0.0
   1096.250     1.2897     62.637   2.772890   3.305333      8.237        0.0
   1096.500     1.2888     62.658   2.772914   3.305791      8.238        0.0
   1096.750     1.2882     62.661   2.772823   3.305104      8.234        0.0
   1097.000     1.2873     62.664   2.772757   3.304570      8.239        0.0
   1097.250     1.2866     62.670   2.772793   3.306249      8.236        0.0
   1097.500     1.2861     62.664   2.772878   3.305791      8.239        0.0
   1097.750     1.2865     62.661   2.772998   3.305257      8.238        0.0
   1098.000     1.2872     62.652   2.773059   3.304952      8.238        0.0
   1098.250     1.2880     62.640   2.772914   3.306859      8.237        0.0
   1098.500     1.2879     62.625   2.772696   3.306935      8.238        0.0
   1098.750     1.2866     62.615   2.772328   3.306325      8.239        0.0
   1099.000     1.2846     62.603   2.772158   3.307012      8.236        0.0
   1099.250     1.2817     62.603   2.772563   3.307012      8.234        0.0
   1099.500     1.2815     62.591   2.772908   3.307012      8.236        0.0
   1099.750     1.2838     62.585   2.772980   3.307240      8.237        0.0
   1100.000     1.2859     62.594   2.772793   3.306859      8.234        0.0
   1100.250     1.2864     62.603   2.772328   3.307012      8.239        0.0
   1100.500     1.2841     62.612   2.772225   3.306706      8.235        0.0
   1100.750     1.2816     62.625   2.772322   3.306554      8.236        0.0
   1101.000     1.2807     62.640   2.772152   3.305028      8.234        0.0
   1101.250     1.2800     62.667   2.772654   3.306706      8.234        0.0
   1101.500     1.2811     62.694   2.772878   3.306172      8.235        0.0
   1101.750     1.2837     62.725   2.773150   3.305257      8.237        0.0
   1102.000     1.2866     62.737   2.773192   3.305333      8.239        0.0
   1102.250     1.2886     62.752   2.773204   3.305333      8.237        0.0
   1102.500     1.2897     62.761   2.773125   3.305257      8.236        0.0
   1102.750     1.2902     62.767   2.773252   3.305028      8.236        0.0
   1103.000     1.2906     62.740   2.773240   3.305715      8.235        0.0
   1103.250     1.2912     62.740   2.773240   3.305867      8.235        0.0
   1103.500     1.2915     62.713   2.773276   3.305638      8.237        0.0
   1103.750     1.2915     62.688   2.772793   3.305867      8.237        0.0
   1104.000     1.2896     62.664   2.772793   3.306249      8.237        0.0
   1104.250     1.2880     62.640   2.772739   3.306172      8.241        0.0
   1104.500     1.2868     62.612   2.773101   3.306172      8.237        0.0
   1104.750     1.2874     62.591   2.773119   3.305791      8.237        0.0
   1105.000     1.2888     62.576   2.772908   3.306783      8.238        0.0
   1105.250     1.2886     62.546   2.772908   3.305333      8.236        0.0
   1105.500     1.2881     62.552   2.773119   3.305867      8.238        0.0
   1105.750     1.2888     62.549   2.773168   3.306096      8.235        0.0
   1106.000     1.2897     62.549   2.772890   3.305791      8.238        0.0
   1106.250     1.2890     62.561   2.773180   3.305715      8.235        0.0
   1106.500     1.2896     62.576   2.773101   3.305943      8.238        0.0
   1106.750     1.2898     62.588   2.772847   3.305180      8.235        0.0
   1107.000     1.2887     62.600   2.772980   3.305180      8.237        0.0
   1107.250     1.2884     62.619   2.773017   3.305791      8.237        0.0
   1107.500     1.2886     62.634   2.773059   3.305867      8.239        0.0
   1107.750     1.2889     62.652   2.772998   3.306249      8.235        0.0
   1108.000     1.2888     62.655   2.772896   3.305715      8.238        0.0
   1108.250     1.2883     62.673   2.772914   3.305180      8.237        0.0
   1108.500     1.2880     62.670   2.772974   3.306249      8.236        0.0
   1108.750     1.2880     62.679   2.772896   3.304799      8.237        0.0
   1109.000     1.2877     62.676   2.772896   3.306554      8.233        0.0
   1109.250     1.2875     62.685   2.772799   3.305562      8.234        0.0
   1109.500     1.2869     62.682   2.772201   3.304875      8.237        0.0
   1109.750     1.2841     62.676   2.772775   3.306172      8.238        0.0
   1110.000     1.2839     62.676   2.772733   3.304646      8.238        0.0
   1110.250     1.2848     62.679   2.772672   3.305943      8.235        0.0
   1110.500     1.2845     62.679   2.772751   3.305715      8.237        0.0
   1110.750     1.2850     62.667   2.772956   3.304723      8.236        0.0
   1111.000     1.2864     62.664   2.772950   3.305257      8.235        0.0
   1111.250     1.2871     62.682   2.772630   3.304036      8.237        0.0
   1111.500     1.2862     62.679   2.772322   3.305028      8.236        0.0
   1111.750     1.2839     62.658   2.772225   3.304570      8.236        0.0
   1112.000     1.2818     62.673   2.772219   3.305409      8.236        0.0
   1112.250     1.2803     62.670   2.772364   3.304112      8.236        0.0
   1112.500     1.2803     62.676   2.772346   3.304036      8.236        0.0
   1112.750     1.2807     62.682   2.772370   3.303883      8.236        0.0
   1113.000     1.2808     62.673   2.772219   3.302892      8.235        0.0
   1113.250     1.2802     62.689   2.772261   3.303807      8.238        0.0
   1113.500     1.2800     62.689   2.772303   3.304570      8.235        0.0
   1113.750     1.2799     62.692   2.772177   3.303883      8.239        0.0
   1114.000     1.2794     62.701   2.772140   3.304189      8.238        0.0
   1114.250     1.2787     62.701   2.772158   3.303731      8.241        0.0
   1114.500     1.2786     62.698   2.772134   3.303349      8.236        0.0
   1114.750     1.2784     62.701   2.772122   3.302968      8.237        0.0
   1115.000     1.2782     62.692   2.772122   3.303197      8.234        0.0
   1115.250     1.2781     62.682   2.772050   3.302663      8.237        0.0
   1115.500     1.2778     62.664   2.772068   3.302892      8.238        0.0
   1115.750     1.2775     62.646   2.772080   3.303349      8.237        0.0
   1116.000     1.2775     62.631   2.772001   3.303578      8.237        0.0
   1116.250     1.2770     62.613   2.771874   3.302663      8.237        0.0
   1116.500     1.2762     62.603   2.771832   3.303426      8.235        0.0
   1116.750     1.2756     62.582   2.771959   3.302281      8.239        0.0
   1117.000     1.2755     62.561   2.771941   3.302739      8.236        0.0
   1117.250     1.2756     62.555   2.771917   3.303120      8.235        0.0
   1117.500     1.2757     62.540   2.771796   3.303655      8.238        0.0
   1117.750     1.2750     62.543   2.771856   3.304112      8.234        0.0
   1118.000     1.2748     62.524   2.771874   3.303349      8.235        0.0
   1118.250     1.2751     62.521   2.771796   3.304570      8.237        0.0
   1118.500     1.2748     62.521   2.771917   3.303731      8.233        0.0
   1118.750     1.2750     62.521   2.771790   3.304036      8.238        0.0
   1119.000     1.2748     62.534   2.771796   3.304952      8.237        0.0
   1119.250     1.2744     62.537   2.771874   3.303044      8.238        0.0
   1119.500     1.2746     62.558   2.771959   3.304723      8.235        0.0
   1119.750     1.2751     62.585   2.771893   3.304646      8.238        0.0
   1120.000     1.2754     62.610   2.771893   3.303731      8.237        0.0
   1120.250     1.2753     62.658   2.771832   3.304875      8.237        0.0
   1120.500     1.2751     62.683   2.771874   3.303807      8.236        0.0
   1120.750     1.2750     62.722   2.771832   3.303960      8.237        0.0
   1121.000     1.2749     62.740   2.771814   3.303960      8.237        0.0
   1121.250     1.2745     62.759   2.771790   3.304723      8.237        0.0
   1121.500     1.2743     62.759   2.771995   3.304417      8.236        0.0
   1121.750     1.2751     62.740   2.771893   3.303502      8.232        0.0
   1122.000     1.2755     62.746   2.771899   3.303807      8.239        0.0
   1122.250     1.2753     62.734   2.771814   3.304417      8.236        0.0
   1122.500     1.2749     62.698   2.771814   3.303807      8.237        0.0
   1122.750     1.2747     62.680   2.771856   3.304799      8.236        0.0
   1123.000     1.2746     62.667   2.771874   3.304570      8.237        0.0
   1123.250     1.2749     62.652   2.771893   3.303883      8.238        0.0
   1123.500     1.2750     62.652   2.771941   3.305333      8.235        0.0
   1123.750     1.2754     62.634   2.771983   3.305867      8.235        0.0
   1124.000     1.2757     62.625   2.771935   3.306859      8.235        0.0
   1124.250     1.2758     62.613   2.771935   3.304646      8.236        0.0
   1124.500     1.2758     62.607   2.771941   3.305715      8.235        0.0
   1124.750     1.2760     62.600   2.771959   3.305562      8.237        0.0
   1125.000     1.2760     62.610   2.771995   3.305562      8.233        0.0
   1125.250     1.2762     62.616   2.772019   3.305180      8.236        0.0
   1125.500     1.2765     62.622   2.772050   3.305486      8.238        0.0
   1125.750     1.2767     62.604   2.771995   3.305104      8.235        0.0
   1126.000     1.2767     62.622   2.771772   3.305486      8.236        0.0
   1126.250     1.2757     62.622   2.771615   3.305562      8.234        0.0
   1126.500     1.2741     62.619   2.771554   3.305257      8.237        0.0
   1126.750     1.2728     62.607   2.771566   3.305028      8.234        0.0
   1127.000     1.2722     62.622   2.771615   3.304799      8.236        0.0
   1127.250     1.2720     62.619   2.771748   3.304723      8.236        0.0
   1127.500     1.2725     62.631   2.771772   3.304952      8.240        0.0
   1127.750     1.2731     62.634   2.771651   3.304799      8.234        0.0
