assets/demos/2023_12_SCRUG/data/2021_07_08_0001_raw.cnv
* Sea-Bird SBE19plus  Data File:
* FileName = C:\CTD\202101_162_L2\2021_07_08\2021_07_08_0001.hex
* Software version 2.8.0.119
* Temperature SN = 8102
* Conductivity SN = 8102
* System UpLoad Time = Jul 08 2021 17:45:50
* <ApplicationData>
* <Seaterm232>
# nquan = 5
# nvalues = 10965
# units = specified
# name 1 = timeS: Time, Elapsed [seconds]
# name 2 = tv290C: Temperature [ITS-90, deg C]
# name 3 = prdM: Pressure, Strain Gauge [db]
# name 4 = c0S/m: Conductivity [S/m]
# name 5 = flag:  0.000e+00
# span 1 =          0,       2741
# span 2 =     2.1218,     9.3168
# span 3 =     -0.237,     92.088
# span 4 =  -0.183645,    3.43639
# span 5 =          0,          0
# interval = seconds: 0.25
# start_time = Jul 08 2021 06:51:53 [Instrument's time stamp, header]
# bad_flag = -9.990e-29
*END*
[from data line 6572]
   1643.000     2.1268     91.869   2.907071        0.0
   1643.250     2.1267     91.875   2.907071        0.0
   1643.500     2.1267     91.881   2.907095        0.0
   1643.750     2.1268     91.887   2.907071        0.0
   1644.000     2.1268     91.900   2.907052        0.0
   1644.250     2.1268     91.903   2.906967        0.0
   1644.500     2.1268     91.912   2.907071        0.0
   1644.750     2.1268     91.921   2.907071        0.0
   1645.000     2.1270     91.924   2.907071        0.0
   1645.250     2.1269     91.939   2.907095        0.0
   1645.500     2.1268     91.958   2.907095        0.0
   1645.750     2.1269     91.964   2.907095        0.0
   1646.000     2.1268     91.967   2.907120        0.0
   1646.250     2.1271     91.958   2.907120        0.0
   1646.500     2.1271     91.952   2.907120        0.0
   1646.750     2.1272     91.952   2.907138        0.0
   1647.000     2.1273     91.954   2.907138        0.0
   1647.250     2.1274     91.939   2.907163        0.0
   1647.500     2.1275     91.918   2.907163        0.0
   1647.750     2.1276     91.912   2.907163        0.0
   1648.000     2.1277     91.906   2.907181        0.0
   1648.250     2.1277     91.906   2.907138        0.0
   1648.500     2.1277     91.906   2.907181        0.0
   1648.750     2.1277     91.918   2.907138        0.0
   1649.000     2.1277     91.933   2.907138        0.0
   1649.250     2.1275     91.939   2.907138        0.0
   1649.500     2.1275     91.949   2.907163        0.0
   1649.750     2.1275     91.967   2.907163        0.0
   1650.000     2.1276     91.967   2.907206        0.0
   1650.250     2.1277     91.961   2.907163        0.0
   1650.500     2.1277     91.964   2.907163        0.0
   1650.750     2.1277     91.952   2.907181        0.0
   1651.000     2.1278     91.949   2.907163        0.0
   1651.250     2.1277     91.927   2.907163        0.0
   1651.500     2.1277     91.915   2.907163        0.0
   1651.750     2.1277     91.909   2.907163        0.0
   1652.000     2.1276     91.906   2.907120        0.0
   1652.250     2.1276     91.903   2.907071        0.0
   1652.500     2.1277     91.915   2.907120        0.0
   1652.750     2.1277     91.933   2.907181        0.0
   1653.000     2.1277     91.937   2.907095        0.0
   1653.250     2.1278     91.943   2.907163        0.0
   1653.500     2.1276     91.952   2.907163        0.0
   1653.750     2.1277     91.964   2.907181        0.0
   1654.000     2.1278     91.967   2.907181        0.0
   1654.250     2.1278     91.967   2.907206        0.0
   1654.500     2.1280     91.973   2.907163        0.0
   1654.750     2.1280     91.964   2.907138        0.0
   1655.000     2.1279     91.949   2.905797        0.0
   1655.250     2.1278     91.931   2.907138        0.0
   1655.500     2.1278     91.912   2.907138        0.0
   1655.750     2.1278     91.885   2.907163        0.0
   1656.000     2.1278     91.866   2.907138        0.0
   1656.250     2.1276     91.845   2.907163        0.0
   1656.500     2.1277     91.827   2.907120        0.0
   1656.750     2.1277     91.817   2.907120        0.0
   1657.000     2.1276     91.805   2.907120        0.0
   1657.250     2.1274     91.805   2.907120        0.0
   1657.500     2.1273     91.811   2.907163        0.0
   1657.750     2.1273     91.821   2.907138        0.0
   1658.000     2.1276     91.827   2.907138        0.0
   1658.250     2.1275     91.836   2.907138        0.0
   1658.500     2.1276     91.854   2.907138        0.0
   1658.750     2.1275     91.857   2.907138        0.0
   1659.000     2.1276     91.866   2.907138        0.0
   1659.250     2.1274     91.866   2.907095        0.0
   1659.500     2.1274     91.879   2.907095        0.0
   1659.750     2.1275     91.888   2.907120        0.0
   1660.000     2.1273     91.897   2.907138        0.0
   1660.250     2.1274     91.915   2.907120        0.0
   1660.500     2.1273     91.918   2.907138        0.0
   1660.750     2.1274     91.922   2.907120        0.0
   1661.000     2.1275     91.934   2.906336        0.0
   1661.250     2.1277     91.925   2.906642        0.0
   1661.500     2.1276     91.934   2.907120        0.0
   1661.750     2.1276     91.946   2.907138        0.0
   1662.000     2.1276     91.943   2.907138        0.0
   1662.250     2.1277     91.946   2.907138        0.0
   1662.500     2.1276     91.943   2.907138        0.0
   1662.750     2.1277     91.958   2.904150        0.0
   1663.000     2.1276     91.952   2.907163        0.0
   1663.250     2.1278     91.958   2.907138        0.0
   1663.500     2.1278     91.961   2.907163        0.0
   1663.750     2.1278     91.949   2.907163        0.0
   1664.000     2.1278     91.943   2.906924        0.0
   1664.250     2.1279     91.943   2.907138        0.0
   1664.500     2.1279     91.925   2.907138        0.0
   1664.750     2.1278     91.928   2.907163        0.0
   1665.000     2.1277     91.918   2.907095        0.0
   1665.250     2.1277     91.900   2.907138        0.0
   1665.500     2.1276     91.891   2.907138        0.0
   1665.750     2.1277     91.885   2.907028        0.0
   1666.000     2.1278     91.876   2.907138        0.0
   1666.250     2.1277     91.870   2.907163        0.0
   1666.500     2.1277     91.876   2.907163        0.0
   1666.750     2.1277     91.876   2.907163        0.0
   1667.000     2.1277     91.885   2.907163        0.0
   1667.250     2.1278     91.888   2.907163        0.0
   1667.500     2.1277     91.900   2.907163        0.0
   1667.750     2.1277     91.903   2.907120        0.0
   1668.000     2.1278     91.906   2.907181        0.0
   1668.250     2.1278     91.915   2.907181        0.0
   1668.500     2.1278     91.928   2.907206        0.0
   1668.750     2.1279     91.934   2.907181        0.0
   1669.000     2.1280     91.940   2.907181        0.0
   1669.250     2.1280     91.955   2.907206        0.0
   1669.500     2.1280     91.964   2.907206        0.0
   1669.750     2.1280     91.967   2.907181        0.0
   1670.000     2.1280     91.967   2.907206        0.0
   1670.250     2.1280     91.976   2.907206        0.0
   1670.500     2.1280     91.970   2.907181        0.0
   1670.750     2.1281     91.964   2.907206        0.0
   1671.000     2.1281     91.964   2.907206        0.0
   1671.250     2.1281     91.955   2.907224        0.0
   1671.500     2.1281     91.949   2.907224        0.0
   1671.750     2.1283     91.949   2.907224        0.0
   1672.000     2.1283     91.952   2.907248        0.0
   1672.250     2.1283     91.946   2.907248        0.0
   1672.500     2.1283     91.937   2.907248        0.0
   1672.750     2.1284     91.934   2.907224        0.0
   1673.000     2.1284     91.940   2.907206        0.0
   1673.250     2.1284     91.928   2.907248        0.0
   1673.500     2.1285     91.916   2.907248        0.0
   1673.750     2.1284     91.904   2.907248        0.0
   1674.000     2.1284     91.897   2.907224        0.0
   1674.250     2.1284     91.891   2.907206        0.0
   1674.500     2.1283     91.888   2.907181        0.0
   1674.750     2.1283     91.894   2.907052        0.0
   1675.000     2.1281     91.885   2.907163        0.0
   1675.250     2.1279     91.885   2.907138        0.0
   1675.500     2.1279     91.885   2.907181        0.0
   1675.750     2.1280     91.894   2.906036        0.0
   1676.000     2.1279     91.901   2.907138        0.0
   1676.250     2.1278     91.910   2.907163        0.0
   1676.500     2.1278     91.913   2.907138        0.0
   1676.750     2.1277     91.907   2.907163        0.0
   1677.000     2.1278     91.913   2.907163        0.0
   1677.250     2.1277     91.919   2.906814        0.0
   1677.500     2.1277     91.919   2.907120        0.0
   1677.750     2.1276     91.925   2.907163        0.0
   1678.000     2.1276     91.925   2.907095        0.0
   1678.250     2.1277     91.931   2.906967        0.0
   1678.500     2.1277     91.934   2.907163        0.0
   1678.750     2.1277     91.940   2.907163        0.0
   1679.000     2.1277     91.931   2.907163        0.0
   1679.250     2.1278     91.931   2.906642        0.0
   1679.500     2.1278     91.931   2.907138        0.0
   1679.750     2.1277     91.940   2.907138        0.0
   1680.000     2.1276     91.944   2.907138        0.0
   1680.250     2.1276     91.943   2.907138        0.0
   1680.500     2.1275     91.931   2.907138        0.0
   1680.750     2.1274     91.931   2.907095        0.0
   1681.000     2.1275     91.934   2.907163        0.0
   1681.250     2.1275     91.922   2.907120        0.0
   1681.500     2.1276     91.925   2.907138        0.0
   1681.750     2.1276     91.922   2.907138        0.0
   1682.000     2.1276     91.913   2.907138        0.0
   1682.250     2.1274     91.916   2.907163        0.0
   1682.500     2.1275     91.910   2.907120        0.0
   1682.750     2.1274     91.913   2.907138        0.0
   1683.000     2.1274     91.916   2.907138        0.0
   1683.250     2.1274     91.928   2.907163        0.0
   1683.500     2.1276     91.928   2.907138        0.0
   1683.750     2.1275     91.938   2.907052        0.0
   1684.000     2.1276     91.932   2.907163        0.0
   1684.250     2.1277     91.941   2.907138        0.0
   1684.500     2.1277     91.938   2.907163        0.0
   1684.750     2.1276     91.944   2.907163        0.0
   1685.000     2.1276     91.950   2.907095        0.0
   1685.250     2.1277     91.947   2.907138        0.0
   1685.500     2.1277     91.947   2.907163        0.0
   1685.750     2.1277     91.941   2.907138        0.0
   1686.000     2.1276     91.929   2.907138        0.0
   1686.250     2.1276     91.938   2.907163        0.0
   1686.500     2.1275     91.926   2.907071        0.0
   1686.750     2.1276     91.929   2.907120        0.0
   1687.000     2.1276     91.935   2.907138        0.0
   1687.250     2.1275     91.944   2.907138        0.0
   1687.500     2.1274     91.944   2.907052        0.0
   1687.750     2.1274     91.950   2.907138        0.0
   1688.000     2.1274     91.959   2.907138        0.0
   1688.250     2.1273     91.959   2.907120        0.0
   1688.500     2.1273     91.959   2.907138        0.0
   1688.750     2.1273     91.962   2.907138        0.0
   1689.000     2.1273     91.971   2.907120        0.0
   1689.250     2.1273     91.968   2.907120        0.0
   1689.500     2.1272     91.962   2.907138        0.0
   1689.750     2.1273     91.971   2.907120        0.0
   1690.000     2.1272     91.968   2.907095        0.0
   1690.250     2.1272     91.965   2.907120        0.0
   1690.500     2.1272     91.965   2.907095        0.0
   1690.750     2.1272     91.950   2.907095        0.0
   1691.000     2.1272     91.947   2.906789        0.0
   1691.250     2.1272     91.947   2.906942        0.0
   1691.500     2.1271     91.947   2.907053        0.0
   1691.750     2.1272     91.944   2.906942        0.0
   1692.000     2.1271     91.938   2.907095        0.0
   1692.250     2.1271     91.935   2.907095        0.0
   1692.500     2.1271     91.922   2.907120        0.0
   1692.750     2.1271     91.907   2.907120        0.0
   1693.000     2.1271     91.901   2.907120        0.0
   1693.250     2.1271     91.898   2.907120        0.0
   1693.500     2.1272     91.889   2.907163        0.0
   1693.750     2.1273     91.889   2.907138        0.0
   1694.000     2.1274     91.892   2.907138        0.0
   1694.250     2.1275     91.892   2.907120        0.0
   1694.500     2.1275     91.904   2.907095        0.0
   1694.750     2.1275     91.910   2.907052        0.0
   1695.000     2.1276     91.913   2.907163        0.0
   1695.250     2.1274     91.919   2.907138        0.0
   1695.500     2.1276     91.920   2.907163        0.0
   1695.750     2.1277     91.916   2.907120        0.0
   1696.000     2.1276     91.919   2.907138        0.0
   1696.250     2.1276     91.922   2.907163        0.0
   1696.500     2.1276     91.913   2.907138        0.0
   1696.750     2.1277     91.913   2.907163        0.0
   1697.000     2.1277     91.926   2.907163        0.0
   1697.250     2.1277     91.923   2.907181        0.0
   1697.500     2.1277     91.932   2.907163        0.0
   1697.750     2.1278     91.941   2.907181        0.0
   1698.000     2.1279     91.938   2.907181        0.0
   1698.250     2.1280     91.947   2.907181        0.0
   1698.500     2.1280     91.950   2.907181        0.0
   1698.750     2.1280     91.953   2.907206        0.0
   1699.000     2.1282     91.953   2.907206        0.0
   1699.250     2.1282     91.956   2.907181        0.0
   1699.500     2.1280     91.953   2.907181        0.0
   1699.750     2.1281     91.956   2.907163        0.0
   1700.000     2.1279     91.959   2.907181        0.0
   1700.250     2.1279     91.959   2.907163        0.0
   1700.500     2.1278     91.959   2.907206        0.0
   1700.750     2.1278     91.938   2.907206        0.0
   1701.000     2.1279     91.938   2.907206        0.0
   1701.250     2.1281     91.932   2.907206        0.0
   1701.500     2.1281     91.932   2.907224        0.0
   1701.750     2.1282     91.935   2.907206        0.0
   1702.000     2.1282     91.938   2.907163        0.0
   1702.250     2.1281     91.935   2.907163        0.0
   1702.500     2.1279     91.935   2.907138        0.0
   1702.750     2.1277     91.935   2.907163        0.0
   1703.000     2.1277     91.944   2.907181        0.0
   1703.250     2.1278     91.947   2.907206        0.0
   1703.500     2.1279     91.959   2.907181        0.0
   1703.750     2.1280     91.956   2.907224        0.0
   1704.000     2.1281     91.956   2.907248        0.0
   1704.250     2.1283     91.941   2.907267        0.0
   1704.500     2.1286     91.935   2.907291        0.0
   1704.750     2.1288     91.941   2.907248        0.0
   1705.000     2.1288     91.944   2.907181        0.0
   1705.250     2.1287     91.932   2.907248        0.0
   1705.500     2.1288     91.926   2.907224        0.0
   1705.750     2.1286     91.935   2.907224        0.0
   1706.000     2.1286     91.942   2.907248        0.0
   1706.250     2.1287     91.948   2.907248        0.0
   1706.500     2.1287     91.945   2.907224        0.0
   1706.750     2.1286     91.945   2.907224        0.0
   1707.000     2.1287     91.945   2.907224        0.0
   1707.250     2.1284     91.945   2.907206        0.0
   1707.500     2.1284     91.942   2.907291        0.0
   1707.750     2.1286     91.939   2.907310        0.0
   1708.000     2.1289     91.933   2.907334        0.0
   1708.250     2.1293     91.933   2.907377        0.0
   1708.500     2.1295     91.942   2.907334        0.0
   1708.750     2.1296     91.924   2.907334        0.0
   1709.000     2.1296     91.926   2.907334        0.0
   1709.250     2.1297     91.930   2.907377        0.0
   1709.500     2.1297     91.920   2.907310        0.0
   1709.750     2.1297     91.920   2.907291        0.0
   1710.000     2.1297     91.914   2.907267        0.0
   1710.250     2.1294     91.908   2.907248        0.0
   1710.500     2.1291     91.905   2.907206        0.0
   1710.750     2.1288     91.905   2.907181        0.0
   1711.000     2.1285     91.917   2.907181        0.0
   1711.250     2.1283     91.920   2.907163        0.0
   1711.500     2.1281     91.911   2.907181        0.0
   1711.750     2.1280     91.914   2.907163        0.0
   1712.000     2.1279     91.917   2.907163        0.0
   1712.250     2.1278     91.918   2.907181        0.0
   1712.500     2.1278     91.914   2.907163        0.0
   1712.750     2.1278     91.918   2.907181        0.0
   1713.000     2.1278     91.918   2.907206        0.0
   1713.250     2.1278     91.915   2.907181        0.0
   1713.500     2.1279     91.918   2.907181        0.0
   1713.750     2.1278     91.902   2.907138        0.0
   1714.000     2.1278     91.908   2.907181        0.0
