assets/demos/2023_12_SCRUG/data/2021_07_08_0001_raw.cnv
* Sea-Bird SBE19plus  Data File:
* FileName = C:\CTD\202101_162_L2\2021_07_08\2021_07_08_0001.hex
* Software version 2.8.0.119
* Temperature SN = 8102
* Conductivity SN = 8102
* System UpLoad Time = Jul 08 2021 17:45:50
* <ApplicationData>
* <Seaterm232>
# nquan = 5
# nvalues = 10965
# units = specified
# name 1 = timeS: Time, Elapsed [seconds]
# name 2 = tv290C: Temperature [ITS-90, deg C]
# name 3 = prdM: Pressure, Strain Gauge [db]
# name 4 = c0S/m: Conductivity [S/m]
# name 5 = flag:  0.000e+00
# span 1 =          0,       2741
# span 2 =     2.1218,     9.3168
# span 3 =     -0.237,     92.088
# span 4 =  -0.183645,    3.43639
# span 5 =          0,          0
# interval = seconds: 0.25
# start_time = Jul 08 2021 06:51:53 [Instrument's time stamp, header]
# bad_flag = -9.990e-29
*END*
[from data line 4858]
   1214.500     2.1240     91.892   2.906857        0.0
   1214.750     2.1240     91.901   2.906814        0.0
   1215.000     2.1241     91.907   2.906857        0.0
   1215.250     2.1241     91.932   2.906857        0.0
   1215.500     2.1240     91.929   2.906857        0.0
   1215.750     2.1241     91.932   2.906814        0.0
   1216.000     2.1241     91.938   2.906771        0.0
   1216.250     2.1240     91.944   2.906771        0.0
   1216.500     2.1241     91.941   2.906832        0.0
   1216.750     2.1240     91.932   2.906832        0.0
   1217.000     2.1239     91.917   2.906857        0.0
   1217.250     2.1238     91.908   2.906832        0.0
   1217.500     2.1240     91.902   2.906832        0.0
   1217.750     2.1239     91.895   2.906832        0.0
   1218.000     2.1238     91.892   2.906832        0.0
   1218.250     2.1240     91.889   2.906832        0.0
   1218.500     2.1240     91.896   2.906857        0.0
   1218.750     2.1240     91.908   2.906857        0.0
   1219.000     2.1240     91.911   2.906881        0.0
   1219.250     2.1241     91.920   2.906857        0.0
   1219.500     2.1241     91.926   2.906881        0.0
   1219.750     2.1241     91.929   2.906814        0.0
   1220.000     2.1241     91.938   2.906832        0.0
   1220.250     2.1240     91.950   2.906832        0.0
   1220.500     2.1240     91.960   2.906832        0.0
   1220.750     2.1240     91.960   2.906857        0.0
   1221.000     2.1240     91.963   2.906832        0.0
   1221.250     2.1239     91.963   2.906789        0.0
   1221.500     2.1240     91.963   2.906857        0.0
   1221.750     2.1240     91.960   2.906857        0.0
   1222.000     2.1240     91.960   2.906857        0.0
   1222.250     2.1239     91.954   2.906832        0.0
   1222.500     2.1240     91.942   2.906857        0.0
   1222.750     2.1240     91.951   2.906881        0.0
   1223.000     2.1240     91.948   2.906857        0.0
   1223.250     2.1240     91.951   2.906857        0.0
   1223.500     2.1240     91.972   2.906857        0.0
   1223.750     2.1240     91.978   2.906832        0.0
   1224.000     2.1240     91.976   2.906832        0.0
   1224.250     2.1240     91.991   2.906832        0.0
   1224.500     2.1240     91.994   2.906832        0.0
   1224.750     2.1239     92.000   2.906857        0.0
   1225.000     2.1241     91.997   2.906857        0.0
   1225.250     2.1240     92.000   2.906832        0.0
   1225.500     2.1240     91.997   2.906832        0.0
   1225.750     2.1239     91.988   2.906832        0.0
   1226.000     2.1239     91.991   2.906832        0.0
   1226.250     2.1240     91.978   2.906832        0.0
   1226.500     2.1238     91.966   2.906857        0.0
   1226.750     2.1238     91.948   2.906832        0.0
   1227.000     2.1240     91.945   2.906832        0.0
   1227.250     2.1239     91.939   2.906832        0.0
   1227.500     2.1240     91.942   2.906857        0.0
   1227.750     2.1239     91.942   2.906832        0.0
   1228.000     2.1240     91.942   2.906857        0.0
   1228.250     2.1241     91.945   2.906857        0.0
   1228.500     2.1240     91.957   2.906857        0.0
   1228.750     2.1241     91.957   2.906857        0.0
   1229.000     2.1241     91.948   2.906857        0.0
   1229.250     2.1240     91.957   2.906832        0.0
   1229.500     2.1241     91.973   2.906789        0.0
   1229.750     2.1240     91.976   2.906814        0.0
   1230.000     2.1240     91.976   2.906832        0.0
   1230.250     2.1241     91.973   2.906832        0.0
   1230.500     2.1240     91.976   2.906832        0.0
   1230.750     2.1240     91.970   2.906832        0.0
   1231.000     2.1239     91.973   2.906832        0.0
   1231.250     2.1240     91.973   2.906789        0.0
   1231.500     2.1238     91.964   2.906814        0.0
   1231.750     2.1238     91.958   2.906814        0.0
   1232.000     2.1237     91.949   2.906814        0.0
   1232.250     2.1238     91.945   2.906746        0.0
   1232.500     2.1238     91.939   2.906814        0.0
   1232.750     2.1237     91.949   2.906789        0.0
   1233.000     2.1238     91.945   2.906832        0.0
   1233.250     2.1237     91.943   2.906814        0.0
   1233.500     2.1238     91.949   2.906661        0.0
   1233.750     2.1238     91.955   2.905644        0.0
   1234.000     2.1239     91.970   2.903134        0.0
   1234.250     2.1238     91.973   2.906814        0.0
   1234.500     2.1238     91.973   2.906814        0.0
   1234.750     2.1238     91.979   2.906814        0.0
   1235.000     2.1237     91.979   2.906832        0.0
   1235.250     2.1238     91.970   2.906832        0.0
   1235.500     2.1237     91.961   2.906832        0.0
   1235.750     2.1237     91.955   2.906832        0.0
   1236.000     2.1238     91.958   2.906814        0.0
   1236.250     2.1238     91.949   2.901684        0.0
   1236.500     2.1238     91.946   2.897493        0.0
   1236.750     2.1240     91.946   2.906832        0.0
   1237.000     2.1240     91.955   2.906814        0.0
   1237.250     2.1240     91.958   2.906771        0.0
   1237.500     2.1240     91.958   2.906832        0.0
   1237.750     2.1241     91.958   2.906857        0.0
   1238.000     2.1241     91.970   2.906857        0.0
   1238.250     2.1240     91.973   2.906857        0.0
   1238.500     2.1241     91.967   2.906881        0.0
   1238.750     2.1241     91.976   2.906857        0.0
   1239.000     2.1241     91.973   2.906881        0.0
   1239.250     2.1241     91.976   2.906857        0.0
   1239.500     2.1242     91.979   2.906857        0.0
   1239.750     2.1242     91.970   2.906881        0.0
   1240.000     2.1243     91.970   2.906881        0.0
   1240.250     2.1243     91.964   2.906881        0.0
   1240.500     2.1243     91.958   2.906881        0.0
   1240.750     2.1242     91.955   2.906881        0.0
   1241.000     2.1242     91.940   2.906857        0.0
   1241.250     2.1243     91.922   2.906881        0.0
   1241.500     2.1243     91.916   2.906881        0.0
   1241.750     2.1243     91.916   2.906446        0.0
   1242.000     2.1244     91.925   2.904952        0.0
   1242.250     2.1243     91.925   2.906618        0.0
   1242.500     2.1245     91.919   2.906857        0.0
   1242.750     2.1244     91.931   2.906881        0.0
   1243.000     2.1243     91.940   2.906881        0.0
   1243.250     2.1244     91.949   2.906857        0.0
   1243.500     2.1244     91.952   2.906857        0.0
   1243.750     2.1244     91.958   2.906857        0.0
   1244.000     2.1243     91.965   2.906857        0.0
   1244.250     2.1244     91.968   2.906881        0.0
   1244.500     2.1244     91.974   2.906881        0.0
   1244.750     2.1245     91.983   2.906881        0.0
   1245.000     2.1244     91.983   2.906881        0.0
   1245.250     2.1243     91.986   2.906881        0.0
   1245.500     2.1243     91.998   2.906881        0.0
   1245.750     2.1242     92.001   2.906857        0.0
   1246.000     2.1242     92.001   2.906857        0.0
   1246.250     2.1243     92.001   2.906857        0.0
   1246.500     2.1243     91.995   2.906857        0.0
   1246.750     2.1242     91.992   2.906857        0.0
   1247.000     2.1243     91.998   2.906857        0.0
   1247.250     2.1242     92.001   2.906881        0.0
   1247.500     2.1242     91.986   2.906881        0.0
   1247.750     2.1242     91.989   2.906881        0.0
   1248.000     2.1242     91.986   2.906881        0.0
   1248.250     2.1242     91.992   2.906881        0.0
   1248.500     2.1242     91.980   2.906881        0.0
   1248.750     2.1243     91.980   2.906857        0.0
   1249.000     2.1242     91.977   2.906857        0.0
   1249.250     2.1242     91.983   2.906857        0.0
   1249.500     2.1243     91.986   2.906857        0.0
   1249.750     2.1243     91.986   2.906881        0.0
   1250.000     2.1243     91.986   2.906881        0.0
   1250.250     2.1243     91.989   2.906857        0.0
   1250.500     2.1243     91.998   2.906899        0.0
   1250.750     2.1243     91.989   2.906899        0.0
   1251.000     2.1244     91.983   2.906899        0.0
   1251.250     2.1243     91.974   2.906899        0.0
   1251.500     2.1245     91.971   2.906899        0.0
   1251.750     2.1245     91.962   2.906881        0.0
   1252.000     2.1244     91.962   2.906881        0.0
   1252.250     2.1244     91.950   2.906881        0.0
   1252.500     2.1244     91.953   2.906881        0.0
   1252.750     2.1244     91.941   2.906899        0.0
   1253.000     2.1245     91.935   2.906924        0.0
   1253.250     2.1245     91.941   2.906967        0.0
   1253.500     2.1248     91.944   2.906942        0.0
   1253.750     2.1249     91.947   2.906942        0.0
   1254.000     2.1249     91.947   2.906942        0.0
   1254.250     2.1251     91.950   2.906942        0.0
   1254.500     2.1249     91.944   2.906924        0.0
   1254.750     2.1249     91.953   2.906924        0.0
   1255.000     2.1249     91.950   2.906924        0.0
   1255.250     2.1249     91.944   2.906924        0.0
   1255.500     2.1248     91.938   2.906924        0.0
   1255.750     2.1248     91.935   2.906924        0.0
   1256.000     2.1247     91.941   2.906899        0.0
   1256.250     2.1247     91.929   2.906881        0.0
   1256.500     2.1246     91.938   2.906899        0.0
   1256.750     2.1247     91.938   2.906857        0.0
   1257.000     2.1246     91.947   2.906899        0.0
   1257.250     2.1246     91.962   2.906881        0.0
   1257.500     2.1245     91.965   2.906832        0.0
   1257.750     2.1245     91.962   2.906924        0.0
   1258.000     2.1246     91.972   2.906881        0.0
   1258.250     2.1247     91.972   2.906924        0.0
   1258.500     2.1247     91.966   2.906899        0.0
   1258.750     2.1246     91.972   2.906899        0.0
   1259.000     2.1247     91.962   2.906924        0.0
   1259.250     2.1247     91.962   2.906899        0.0
   1259.500     2.1245     91.956   2.906899        0.0
   1259.750     2.1247     91.953   2.906881        0.0
   1260.000     2.1247     91.947   2.906899        0.0
   1260.250     2.1246     91.938   2.906924        0.0
   1260.500     2.1248     91.929   2.906899        0.0
   1260.750     2.1248     91.929   2.906942        0.0
   1261.000     2.1249     91.926   2.906942        0.0
   1261.250     2.1250     91.923   2.906942        0.0
   1261.500     2.1250     91.926   2.906924        0.0
   1261.750     2.1251     91.935   2.906942        0.0
   1262.000     2.1250     91.950   2.906942        0.0
   1262.250     2.1250     91.969   2.906924        0.0
   1262.500     2.1249     91.966   2.906899        0.0
   1262.750     2.1250     91.981   2.906899        0.0
   1263.000     2.1248     91.990   2.906899        0.0
   1263.250     2.1247     91.987   2.906899        0.0
   1263.500     2.1246     91.993   2.906899        0.0
   1263.750     2.1247     91.993   2.906899        0.0
   1264.000     2.1246     91.987   2.906924        0.0
   1264.250     2.1247     91.987   2.906924        0.0
   1264.500     2.1247     91.987   2.906924        0.0
   1264.750     2.1248     91.984   2.906899        0.0
   1265.000     2.1249     91.984   2.906942        0.0
   1265.250     2.1248     91.981   2.906924        0.0
   1265.500     2.1247     91.975   2.906942        0.0
   1265.750     2.1248     91.978   2.906924        0.0
   1266.000     2.1248     91.984   2.906924        0.0
   1266.250     2.1248     91.993   2.906942        0.0
   1266.500     2.1248     91.990   2.906924        0.0
   1266.750     2.1248     91.981   2.906924        0.0
   1267.000     2.1247     91.987   2.906942        0.0
   1267.250     2.1248     91.981   2.906924        0.0
   1267.500     2.1248     91.984   2.906924        0.0
   1267.750     2.1248     91.975   2.906942        0.0
   1268.000     2.1248     91.954   2.906924        0.0
   1268.250     2.1248     91.969   2.906924        0.0
   1268.500     2.1248     91.945   2.906924        0.0
   1268.750     2.1249     91.945   2.906924        0.0
   1269.000     2.1248     91.939   2.906924        0.0
   1269.250     2.1248     91.927   2.906942        0.0
   1269.500     2.1248     91.927   2.906924        0.0
   1269.750     2.1248     91.917   2.906924        0.0
   1270.000     2.1248     91.921   2.906899        0.0
   1270.250     2.1247     91.927   2.906899        0.0
   1270.500     2.1249     91.936   2.906942        0.0
   1270.750     2.1249     91.936   2.906942        0.0
   1271.000     2.1249     91.936   2.906942        0.0
   1271.250     2.1249     91.939   2.906924        0.0
   1271.500     2.1250     91.948   2.906924        0.0
   1271.750     2.1249     91.954   2.906924        0.0
   1272.000     2.1248     91.963   2.906942        0.0
   1272.250     2.1250     91.973   2.906924        0.0
   1272.500     2.1249     91.970   2.906942        0.0
   1272.750     2.1248     91.967   2.906942        0.0
   1273.000     2.1249     91.979   2.906924        0.0
   1273.250     2.1249     91.973   2.906924        0.0
   1273.500     2.1248     91.963   2.906924        0.0
   1273.750     2.1249     91.964   2.906924        0.0
   1274.000     2.1248     91.961   2.906899        0.0
   1274.250     2.1249     91.954   2.906924        0.0
   1274.500     2.1249     91.945   2.906924        0.0
   1274.750     2.1248     91.936   2.906924        0.0
   1275.000     2.1249     91.933   2.906924        0.0
   1275.250     2.1248     91.912   2.906924        0.0
   1275.500     2.1248     91.897   2.906924        0.0
   1275.750     2.1248     91.900   2.906924        0.0
   1276.000     2.1249     91.903   2.906942        0.0
   1276.250     2.1249     91.900   2.906942        0.0
   1276.500     2.1250     91.887   2.906967        0.0
   1276.750     2.1251     91.884   2.906967        0.0
   1277.000     2.1252     91.897   2.906967        0.0
   1277.250     2.1253     91.906   2.906985        0.0
   1277.500     2.1253     91.909   2.906985        0.0
   1277.750     2.1256     91.918   2.906985        0.0
   1278.000     2.1255     91.921   2.907010        0.0
   1278.250     2.1256     91.927   2.907010        0.0
   1278.500     2.1258     91.927   2.907010        0.0
   1278.750     2.1257     91.940   2.906985        0.0
   1279.000     2.1257     91.943   2.907010        0.0
   1279.250     2.1259     91.949   2.907010        0.0
   1279.500     2.1258     91.946   2.907010        0.0
   1279.750     2.1257     91.961   2.907028        0.0
   1280.000     2.1259     91.952   2.907028        0.0
   1280.250     2.1259     91.964   2.907010        0.0
   1280.500     2.1258     91.964   2.907010        0.0
   1280.750     2.1257     91.961   2.906985        0.0
   1281.000     2.1257     91.964   2.906985        0.0
   1281.250     2.1257     91.967   2.906985        0.0
   1281.500     2.1257     91.973   2.907010        0.0
   1281.750     2.1255     91.967   2.906985        0.0
   1282.000     2.1256     91.964   2.906985        0.0
   1282.250     2.1256     91.964   2.906967        0.0
   1282.500     2.1255     91.964   2.906967        0.0
   1282.750     2.1255     91.964   2.906985        0.0
   1283.000     2.1255     91.952   2.906967        0.0
   1283.250     2.1254     91.943   2.906985        0.0
   1283.500     2.1254     91.937   2.906967        0.0
   1283.750     2.1254     91.937   2.906985        0.0
   1284.000     2.1254     91.937   2.906985        0.0
   1284.250     2.1254     91.934   2.906967        0.0
   1284.500     2.1254     91.940   2.906967        0.0
   1284.750     2.1253     91.937   2.906967        0.0
   1285.000     2.1253     91.943   2.906942        0.0
   1285.250     2.1253     91.952   2.906967        0.0
