assets/demos/2023_12_SCRUG/data/2021_07_08_0001_raw.cnv
* Sea-Bird SBE19plus  Data File:
* FileName = C:\CTD\202101_162_L2\2021_07_08\2021_07_08_0001.hex
* Software version 2.8.0.119
* Temperature SN = 8102
* Conductivity SN = 8102
* System UpLoad Time = Jul 08 2021 17:45:50
* <ApplicationData>
* <Seaterm232>
# nquan = 5
# nvalues = 10965
# units = specified
# name 1 = timeS: Time, Elapsed [seconds]
# name 2 = tv290C: Temperature [ITS-90, deg C]
# name 3 = prdM: Pressure, Strain Gauge [db]
# name 4 = c0S/m: Conductivity [S/m]
# name 5 = flag:  0.000e+00
# span 1 =          0,       2741
# span 2 =     2.1218,     9.3168
# span 3 =     -0.237,     92.088
# span 4 =  -0.183645,    3.43639
# span 5 =          0,          0
# interval = seconds: 0.25
# start_time = Jul 08 2021 06:51:53 [Instrument's time stamp, header]
# bad_flag = -9.990e-29
*END*
[from data line 7143]
   1785.750     2.1283     91.870   2.907181        0.0
   1786.000     2.1283     91.880   2.907095        0.0
   1786.250     2.1283     91.892   2.907163        0.0
   1786.500     2.1283     91.901   2.907181        0.0
   1786.750     2.1283     91.910   2.907010        0.0
   1787.000     2.1283     91.916   2.907163        0.0
   1787.250     2.1283     91.934   2.907163        0.0
   1787.500     2.1284     91.944   2.907181        0.0
   1787.750     2.1283     91.941   2.907181        0.0
   1788.000     2.1283     91.944   2.907181        0.0
   1788.250     2.1283     91.947   2.907181        0.0
   1788.500     2.1284     91.947   2.907181        0.0
   1788.750     2.1284     91.947   2.907181        0.0
   1789.000     2.1283     91.938   2.907181        0.0
   1789.250     2.1284     91.926   2.907163        0.0
   1789.500     2.1283     91.923   2.907163        0.0
   1789.750     2.1283     91.910   2.907163        0.0
   1790.000     2.1283     91.907   2.907163        0.0
   1790.250     2.1281     91.913   2.907181        0.0
   1790.500     2.1281     91.913   2.907138        0.0
   1790.750     2.1281     91.926   2.907163        0.0
   1791.000     2.1281     91.929   2.907181        0.0
   1791.250     2.1281     91.941   2.907163        0.0
   1791.500     2.1282     91.953   2.907181        0.0
   1791.750     2.1282     91.953   2.907163        0.0
   1792.000     2.1282     91.959   2.907181        0.0
   1792.250     2.1281     91.959   2.907163        0.0
   1792.500     2.1282     91.950   2.907163        0.0
   1792.750     2.1281     91.950   2.907181        0.0
   1793.000     2.1282     91.950   2.907163        0.0
   1793.250     2.1282     91.947   2.907181        0.0
   1793.500     2.1282     91.941   2.907181        0.0
   1793.750     2.1281     91.935   2.907163        0.0
   1794.000     2.1282     91.935   2.907181        0.0
   1794.250     2.1282     91.932   2.907163        0.0
   1794.500     2.1282     91.929   2.907163        0.0
   1794.750     2.1283     91.938   2.907181        0.0
   1795.000     2.1282     91.944   2.907163        0.0
   1795.250     2.1282     91.941   2.907181        0.0
   1795.500     2.1283     91.956   2.907163        0.0
   1795.750     2.1282     91.965   2.907095        0.0
   1796.000     2.1283     91.968   2.907138        0.0
   1796.250     2.1283     91.965   2.907181        0.0
   1796.500     2.1282     91.956   2.907181        0.0
   1796.750     2.1283     91.944   2.907181        0.0
   1797.000     2.1282     91.941   2.907163        0.0
   1797.250     2.1283     91.926   2.907163        0.0
   1797.500     2.1282     91.917   2.907163        0.0
   1797.750     2.1283     91.901   2.907163        0.0
   1798.000     2.1282     91.904   2.907163        0.0
   1798.250     2.1281     91.920   2.907163        0.0
   1798.500     2.1281     91.923   2.907163        0.0
   1798.750     2.1280     91.929   2.907138        0.0
   1799.000     2.1281     91.935   2.907163        0.0
   1799.250     2.1282     91.944   2.907163        0.0
   1799.500     2.1282     91.950   2.907163        0.0
   1799.750     2.1281     91.959   2.907181        0.0
   1800.000     2.1281     91.962   2.907095        0.0
   1800.250     2.1282     91.962   2.907181        0.0
   1800.500     2.1282     91.962   2.907163        0.0
   1800.750     2.1282     91.959   2.907181        0.0
   1801.000     2.1282     91.941   2.907181        0.0
   1801.250     2.1282     91.923   2.907181        0.0
   1801.500     2.1282     91.914   2.907181        0.0
   1801.750     2.1282     91.895   2.907163        0.0
   1802.000     2.1282     91.880   2.907163        0.0
   1802.250     2.1281     91.865   2.907163        0.0
   1802.500     2.1281     91.850   2.907163        0.0
   1802.750     2.1281     91.850   2.907163        0.0
   1803.000     2.1281     91.853   2.907138        0.0
   1803.250     2.1281     91.865   2.907181        0.0
   1803.500     2.1281     91.877   2.907181        0.0
   1803.750     2.1281     91.886   2.907181        0.0
   1804.000     2.1281     91.889   2.907181        0.0
   1804.250     2.1283     91.911   2.907181        0.0
   1804.500     2.1282     91.926   2.907163        0.0
   1804.750     2.1283     91.926   2.907206        0.0
   1805.000     2.1283     91.926   2.907181        0.0
   1805.250     2.1283     91.938   2.907181        0.0
   1805.500     2.1284     91.929   2.907181        0.0
   1805.750     2.1284     91.923   2.907181        0.0
   1806.000     2.1283     91.929   2.907181        0.0
   1806.250     2.1283     91.920   2.907181        0.0
   1806.500     2.1283     91.920   2.907181        0.0
   1806.750     2.1283     91.920   2.907181        0.0
   1807.000     2.1282     91.926   2.907163        0.0
   1807.250     2.1283     91.920   2.907163        0.0
   1807.500     2.1283     91.920   2.907181        0.0
   1807.750     2.1283     91.929   2.907181        0.0
   1808.000     2.1283     91.941   2.907181        0.0
   1808.250     2.1283     91.944   2.907163        0.0
   1808.500     2.1282     91.947   2.907163        0.0
   1808.750     2.1281     91.960   2.907163        0.0
   1809.000     2.1281     91.963   2.907163        0.0
   1809.250     2.1280     91.963   2.907163        0.0
   1809.500     2.1280     91.969   2.907181        0.0
   1809.750     2.1280     91.966   2.907138        0.0
   1810.000     2.1279     91.966   2.907163        0.0
   1810.250     2.1281     91.975   2.907181        0.0
   1810.500     2.1281     91.972   2.907163        0.0
   1810.750     2.1281     91.975   2.907163        0.0
   1811.000     2.1281     91.972   2.907163        0.0
   1811.250     2.1281     91.981   2.907163        0.0
   1811.500     2.1280     91.984   2.907138        0.0
   1811.750     2.1281     91.996   2.907163        0.0
   1812.000     2.1280     91.999   2.907163        0.0
   1812.250     2.1280     92.006   2.907163        0.0
   1812.500     2.1280     91.999   2.907163        0.0
   1812.750     2.1279     91.990   2.907120        0.0
   1813.000     2.1280     91.987   2.907138        0.0
   1813.250     2.1281     91.984   2.907138        0.0
   1813.500     2.1279     91.981   2.907120        0.0
   1813.750     2.1280     91.975   2.907163        0.0
   1814.000     2.1278     91.963   2.907138        0.0
   1814.250     2.1279     91.957   2.907138        0.0
   1814.500     2.1278     91.963   2.907138        0.0
   1814.750     2.1277     91.966   2.907120        0.0
   1815.000     2.1278     91.972   2.907120        0.0
   1815.250     2.1277     91.972   2.907120        0.0
   1815.500     2.1277     91.978   2.907138        0.0
   1815.750     2.1277     91.975   2.907138        0.0
   1816.000     2.1277     91.969   2.906814        0.0
   1816.250     2.1277     91.963   2.907071        0.0
   1816.500     2.1276     91.954   2.907120        0.0
   1816.750     2.1277     91.951   2.907138        0.0
   1817.000     2.1278     91.941   2.907138        0.0
   1817.250     2.1278     91.917   2.907163        0.0
   1817.500     2.1280     91.896   2.907138        0.0
   1817.750     2.1281     91.887   2.907163        0.0
   1818.000     2.1281     91.883   2.907163        0.0
   1818.250     2.1280     91.884   2.907163        0.0
   1818.500     2.1280     91.868   2.907163        0.0
   1818.750     2.1280     91.872   2.907138        0.0
   1819.000     2.1279     91.881   2.907138        0.0
   1819.250     2.1279     91.890   2.907163        0.0
   1819.500     2.1279     91.899   2.907181        0.0
   1819.750     2.1280     91.902   2.907138        0.0
   1820.000     2.1280     91.908   2.907138        0.0
   1820.250     2.1280     91.917   2.907163        0.0
   1820.500     2.1280     91.927   2.907163        0.0
   1820.750     2.1280     91.936   2.907163        0.0
   1821.000     2.1280     91.939   2.907163        0.0
   1821.250     2.1281     91.933   2.907181        0.0
   1821.500     2.1282     91.930   2.907206        0.0
   1821.750     2.1282     91.936   2.907181        0.0
   1822.000     2.1284     91.933   2.907206        0.0
   1822.250     2.1285     91.918   2.907224        0.0
   1822.500     2.1287     91.905   2.907224        0.0
   1822.750     2.1288     91.896   2.907224        0.0
   1823.000     2.1288     91.881   2.907224        0.0
   1823.250     2.1288     91.881   2.907248        0.0
   1823.500     2.1288     91.878   2.907224        0.0
   1823.750     2.1289     91.887   2.907224        0.0
   1824.000     2.1288     91.890   2.907224        0.0
   1824.250     2.1288     91.896   2.907224        0.0
   1824.500     2.1289     91.921   2.907267        0.0
   1824.750     2.1291     91.933   2.907224        0.0
   1825.000     2.1290     91.948   2.907248        0.0
   1825.250     2.1291     91.954   2.907267        0.0
   1825.500     2.1291     91.966   2.907267        0.0
   1825.750     2.1292     91.966   2.907267        0.0
   1826.000     2.1292     91.969   2.907267        0.0
   1826.250     2.1292     91.966   2.907248        0.0
   1826.500     2.1292     91.963   2.907248        0.0
   1826.750     2.1292     91.963   2.907267        0.0
   1827.000     2.1292     91.957   2.907267        0.0
   1827.250     2.1291     91.948   2.907267        0.0
   1827.500     2.1292     91.933   2.907095        0.0
   1827.750     2.1292     91.923   2.907248        0.0
   1828.000     2.1292     91.930   2.907206        0.0
   1828.250     2.1292     91.933   2.906899        0.0
   1828.500     2.1293     91.926   2.907224        0.0
   1828.750     2.1293     91.939   2.890353        0.0
   1829.000     2.1294     91.942   2.905148        0.0
   1829.250     2.1295     91.954   2.907224        0.0
   1829.500     2.1294     91.969   2.907248        0.0
   1829.750     2.1293     91.969   2.907248        0.0
   1830.000     2.1293     91.981   2.907248        0.0
   1830.250     2.1292     92.000   2.907267        0.0
   1830.500     2.1292     92.006   2.907267        0.0
   1830.750     2.1292     92.006   2.907267        0.0
   1831.000     2.1292     92.012   2.907248        0.0
   1831.250     2.1291     92.009   2.907248        0.0
   1831.500     2.1290     92.009   2.907224        0.0
   1831.750     2.1290     91.994   2.907248        0.0
   1832.000     2.1289     92.003   2.906250        0.0
   1832.250     2.1289     91.991   2.907224        0.0
   1832.500     2.1289     91.979   2.906857        0.0
   1832.750     2.1289     91.969   2.907224        0.0
   1833.000     2.1289     91.954   2.907206        0.0
   1833.250     2.1287     91.945   2.907206        0.0
   1833.500     2.1287     91.942   2.907181        0.0
   1833.750     2.1287     91.939   2.907224        0.0
   1834.000     2.1288     91.930   2.907224        0.0
   1834.250     2.1287     91.933   2.907248        0.0
   1834.500     2.1287     91.933   2.907224        0.0
   1834.750     2.1288     91.942   2.907224        0.0
   1835.000     2.1289     91.939   2.907267        0.0
   1835.250     2.1289     91.936   2.907267        0.0
   1835.500     2.1290     91.933   2.907267        0.0
   1835.750     2.1290     91.927   2.907248        0.0
   1836.000     2.1290     91.927   2.907248        0.0
   1836.250     2.1290     91.930   2.907248        0.0
   1836.500     2.1290     91.915   2.907206        0.0
   1836.750     2.1289     91.906   2.907181        0.0
   1837.000     2.1289     91.909   2.907248        0.0
   1837.250     2.1290     91.888   2.907224        0.0
   1837.500     2.1289     91.887   2.907248        0.0
   1837.750     2.1289     91.894   2.907267        0.0
   1838.000     2.1289     91.903   2.907206        0.0
   1838.250     2.1290     91.906   2.907248        0.0
   1838.500     2.1290     91.912   2.907206        0.0
   1838.750     2.1290     91.915   2.907206        0.0
   1839.000     2.1290     91.924   2.907248        0.0
   1839.250     2.1288     91.936   2.907206        0.0
   1839.500     2.1289     91.939   2.907224        0.0
   1839.750     2.1289     91.945   2.907248        0.0
   1840.000     2.1288     91.948   2.907224        0.0
   1840.250     2.1289     91.954   2.907248        0.0
   1840.500     2.1289     91.948   2.907206        0.0
   1840.750     2.1288     91.939   2.907248        0.0
   1841.000     2.1289     91.936   2.907248        0.0
   1841.250     2.1289     91.927   2.907248        0.0
   1841.500     2.1289     91.918   2.907224        0.0
   1841.750     2.1289     91.902   2.907224        0.0
   1842.000     2.1288     91.906   2.907248        0.0
   1842.250     2.1289     91.884   2.907248        0.0
   1842.500     2.1289     91.875   2.907224        0.0
   1842.750     2.1288     91.881   2.907224        0.0
   1843.000     2.1288     91.887   2.907224        0.0
   1843.250     2.1289     91.905   2.907248        0.0
   1843.500     2.1289     91.918   2.907224        0.0
   1843.750     2.1289     91.930   2.907071        0.0
   1844.000     2.1289     91.939   2.907248        0.0
   1844.250     2.1289     91.948   2.907248        0.0
   1844.500     2.1289     91.961   2.907248        0.0
   1844.750     2.1289     91.979   2.907248        0.0
   1845.000     2.1289     91.982   2.907248        0.0
   1845.250     2.1290     91.994   2.907248        0.0
   1845.500     2.1290     91.988   2.907267        0.0
   1845.750     2.1290     91.982   2.907248        0.0
   1846.000     2.1290     91.973   2.907248        0.0
   1846.250     2.1290     91.958   2.907224        0.0
   1846.500     2.1290     91.945   2.907248        0.0
   1846.750     2.1290     91.927   2.907248        0.0
   1847.000     2.1289     91.921   2.907248        0.0
   1847.250     2.1289     91.915   2.907248        0.0
   1847.500     2.1289     91.918   2.907224        0.0
   1847.750     2.1289     91.918   2.907248        0.0
   1848.000     2.1289     91.915   2.907248        0.0
   1848.250     2.1289     91.927   2.907224        0.0
   1848.500     2.1288     91.936   2.907206        0.0
   1848.750     2.1289     91.958   2.907224        0.0
   1849.000     2.1288     91.970   2.907248        0.0
   1849.250     2.1288     91.979   2.907248        0.0
   1849.500     2.1288     91.985   2.907248        0.0
   1849.750     2.1289     91.985   2.907248        0.0
   1850.000     2.1289     91.979   2.907248        0.0
   1850.250     2.1290     91.994   2.907248        0.0
   1850.500     2.1289     91.982   2.907224        0.0
   1850.750     2.1290     91.985   2.907248        0.0
   1851.000     2.1290     91.976   2.907224        0.0
   1851.250     2.1291     91.970   2.907248        0.0
   1851.500     2.1290     91.945   2.907248        0.0
   1851.750     2.1289     91.945   2.907224        0.0
   1852.000     2.1289     91.945   2.907163        0.0
   1852.250     2.1289     91.939   2.907224        0.0
   1852.500     2.1289     91.927   2.907248        0.0
   1852.750     2.1289     91.915   2.907224        0.0
   1853.000     2.1289     91.903   2.907224        0.0
   1853.250     2.1289     91.903   2.907248        0.0
   1853.500     2.1289     91.900   2.907224        0.0
   1853.750     2.1290     91.897   2.907248        0.0
   1854.000     2.1289     91.887   2.907224        0.0
   1854.250     2.1290     91.884   2.907224        0.0
   1854.500     2.1289     91.881   2.907224        0.0
   1854.750     2.1288     91.894   2.907248        0.0
   1855.000     2.1289     91.897   2.907248        0.0
   1855.250     2.1289     91.900   2.907248        0.0
   1855.500     2.1288     91.903   2.907224        0.0
   1855.750     2.1289     91.900   2.907206        0.0
   1856.000     2.1289     91.900   2.907138        0.0
   1856.250     2.1290     91.909   2.907224        0.0
   1856.500     2.1290     91.903   2.907224        0.0
   1856.750     2.1289     91.909   2.907267        0.0
