assets/demos/2023_12_SCRUG/data/2021_07_08_0001_raw.cnv
* Sea-Bird SBE19plus  Data File:
* FileName = C:\CTD\202101_162_L2\2021_07_08\2021_07_08_0001.hex
* Software version 2.8.0.119
* Temperature SN = 8102
* Conductivity SN = 8102
* System UpLoad Time = Jul 08 2021 17:45:50
* <ApplicationData>
* <Seaterm232>
# nquan = 5
# nvalues = 10965
# units = specified
# name 1 = timeS: Time, Elapsed [seconds]
# name 2 = tv290C: Temperature [ITS-90, deg C]
# name 3 = prdM: Pressure, Strain Gauge [db]
# name 4 = c0S/m: Conductivity [S/m]
# name 5 = flag:  0.000e+00
# span 1 =          0,       2741
# span 2 =     2.1218,     9.3168
# span 3 =     -0.237,     92.088
# span 4 =  -0.183645,    3.43639
# span 5 =          0,          0
# interval = seconds: 0.25
# start_time = Jul 08 2021 06:51:53 [Instrument's time stamp, header]
# bad_flag = -9.990e-29
*END*
[from data line 7715]
   1928.750     2.1295     91.908   2.907291        0.0
   1929.000     2.1296     91.914   2.907291        0.0
   1929.250     2.1296     91.935   2.907291        0.0
   1929.500     2.1295     91.932   2.907310        0.0
   1929.750     2.1296     91.935   2.907248        0.0
   1930.000     2.1295     91.945   2.907310        0.0
   1930.250     2.1294     91.945   2.907291        0.0
   1930.500     2.1294     91.944   2.906685        0.0
   1930.750     2.1294     91.954   2.907310        0.0
   1931.000     2.1295     91.960   2.907291        0.0
   1931.250     2.1295     91.966   2.907310        0.0
   1931.500     2.1295     91.978   2.907310        0.0
   1931.750     2.1294     91.990   2.907310        0.0
   1932.000     2.1296     91.997   2.907095        0.0
   1932.250     2.1297     92.009   2.907248        0.0
   1932.500     2.1297     92.021   2.907310        0.0
   1932.750     2.1298     92.033   2.907334        0.0
   1933.000     2.1298     92.036   2.907334        0.0
   1933.250     2.1298     92.048   2.907310        0.0
   1933.500     2.1297     92.042   2.907334        0.0
   1933.750     2.1297     92.039   2.907291        0.0
   1934.000     2.1296     92.030   2.907310        0.0
   1934.250     2.1295     92.006   2.907310        0.0
   1934.500     2.1295     92.006   2.907267        0.0
   1934.750     2.1296     91.996   2.907310        0.0
   1935.000     2.1296     91.978   2.907334        0.0
   1935.250     2.1296     91.960   2.907310        0.0
   1935.500     2.1296     91.932   2.907334        0.0
   1935.750     2.1295     91.917   2.907310        0.0
   1936.000     2.1296     91.908   2.907310        0.0
   1936.250     2.1295     91.896   2.907334        0.0
   1936.500     2.1296     91.890   2.907310        0.0
   1936.750     2.1297     91.896   2.907334        0.0
   1937.000     2.1297     91.899   2.907310        0.0
   1937.250     2.1296     91.902   2.907310        0.0
   1937.500     2.1297     91.914   2.907310        0.0
   1937.750     2.1297     91.914   2.907310        0.0
   1938.000     2.1297     91.917   2.907310        0.0
   1938.250     2.1297     91.917   2.907310        0.0
   1938.500     2.1297     91.923   2.907334        0.0
   1938.750     2.1298     91.911   2.907310        0.0
   1939.000     2.1297     91.905   2.906857        0.0
   1939.250     2.1297     91.902   2.907334        0.0
   1939.500     2.1299     91.896   2.907334        0.0
   1939.750     2.1298     91.896   2.907291        0.0
   1940.000     2.1298     91.893   2.907267        0.0
   1940.250     2.1297     91.905   2.907291        0.0
   1940.500     2.1297     91.908   2.907267        0.0
   1940.750     2.1296     91.908   2.907120        0.0
   1941.000     2.1295     91.920   2.907310        0.0
   1941.250     2.1296     91.933   2.907310        0.0
   1941.500     2.1296     91.942   2.907267        0.0
   1941.750     2.1295     91.948   2.907248        0.0
   1942.000     2.1294     91.951   2.907224        0.0
   1942.250     2.1292     91.957   2.907224        0.0
   1942.500     2.1291     91.948   2.907224        0.0
   1942.750     2.1290     91.957   2.907206        0.0
   1943.000     2.1289     91.945   2.907224        0.0
   1943.250     2.1289     91.936   2.907224        0.0
   1943.500     2.1290     91.920   2.907224        0.0
   1943.750     2.1289     91.911   2.907224        0.0
   1944.000     2.1289     91.908   2.907224        0.0
   1944.250     2.1289     91.905   2.907224        0.0
   1944.500     2.1288     91.893   2.907224        0.0
   1944.750     2.1288     91.884   2.907248        0.0
   1945.000     2.1290     91.881   2.907248        0.0
   1945.250     2.1289     91.887   2.907224        0.0
   1945.500     2.1289     91.899   2.906857        0.0
   1945.750     2.1289     91.908   2.907224        0.0
   1946.000     2.1290     91.920   2.907248        0.0
   1946.250     2.1289     91.933   2.907224        0.0
   1946.500     2.1289     91.936   2.907224        0.0
   1946.750     2.1289     91.933   2.906685        0.0
   1947.000     2.1288     91.939   2.907224        0.0
   1947.250     2.1288     91.936   2.907224        0.0
   1947.500     2.1287     91.948   2.907120        0.0
   1947.750     2.1288     91.951   2.907206        0.0
   1948.000     2.1286     91.942   2.907224        0.0
   1948.250     2.1289     91.948   2.907224        0.0
   1948.500     2.1288     91.954   2.907224        0.0
   1948.750     2.1287     91.963   2.907224        0.0
   1949.000     2.1286     91.957   2.906985        0.0
   1949.250     2.1286     91.954   2.907163        0.0
   1949.500     2.1287     91.957   2.907206        0.0
   1949.750     2.1286     91.957   2.907224        0.0
   1950.000     2.1286     91.957   2.907206        0.0
   1950.250     2.1287     91.957   2.907206        0.0
   1950.500     2.1287     91.960   2.907181        0.0
   1950.750     2.1287     91.963   2.907206        0.0
   1951.000     2.1287     91.963   2.907052        0.0
   1951.250     2.1286     91.969   2.907206        0.0
   1951.500     2.1286     91.975   2.907206        0.0
   1951.750     2.1286     91.979   2.907206        0.0
   1952.000     2.1287     91.972   2.907224        0.0
   1952.250     2.1288     91.975   2.907206        0.0
   1952.500     2.1286     91.975   2.907206        0.0
   1952.750     2.1287     91.973   2.907224        0.0
   1953.000     2.1288     91.973   2.907206        0.0
   1953.250     2.1288     91.982   2.907206        0.0
   1953.500     2.1287     91.982   2.907224        0.0
   1953.750     2.1287     91.973   2.907206        0.0
   1954.000     2.1286     91.976   2.907224        0.0
   1954.250     2.1287     91.963   2.907224        0.0
   1954.500     2.1287     91.960   2.907224        0.0
   1954.750     2.1287     91.954   2.907248        0.0
   1955.000     2.1288     91.951   2.907224        0.0
   1955.250     2.1288     91.930   2.907224        0.0
   1955.500     2.1289     91.918   2.907248        0.0
   1955.750     2.1288     91.899   2.907206        0.0
   1956.000     2.1288     91.896   2.907206        0.0
   1956.250     2.1288     91.890   2.907224        0.0
   1956.500     2.1286     91.878   2.907248        0.0
   1956.750     2.1286     91.872   2.907206        0.0
   1957.000     2.1288     91.878   2.907224        0.0
   1957.250     2.1288     91.884   2.907206        0.0
   1957.500     2.1286     91.900   2.907206        0.0
   1957.750     2.1286     91.900   2.907224        0.0
   1958.000     2.1287     91.912   2.907206        0.0
   1958.250     2.1286     91.918   2.907181        0.0
   1958.500     2.1285     91.918   2.907224        0.0
   1958.750     2.1286     91.918   2.907224        0.0
   1959.000     2.1286     91.924   2.907206        0.0
   1959.250     2.1286     91.924   2.907224        0.0
   1959.500     2.1286     91.927   2.907206        0.0
   1959.750     2.1288     91.933   2.877062        0.0
   1960.000     2.1292     91.921   2.873507        0.0
   1960.250     2.1296     91.921   2.904193        0.0
   1960.500     2.1295     91.921   2.907138        0.0
   1960.750     2.1291     91.930   2.907206        0.0
   1961.000     2.1290     91.930   2.907206        0.0
   1961.250     2.1289     91.933   2.907224        0.0
   1961.500     2.1290     91.930   2.907248        0.0
   1961.750     2.1290     91.930   2.907248        0.0
   1962.000     2.1291     91.930   2.907224        0.0
   1962.250     2.1291     91.933   2.907224        0.0
   1962.500     2.1290     91.939   2.907224        0.0
   1962.750     2.1289     91.948   2.907206        0.0
   1963.000     2.1289     91.945   2.907206        0.0
   1963.250     2.1288     91.939   2.907206        0.0
   1963.500     2.1287     91.933   2.906685        0.0
   1963.750     2.1288     91.933   2.907181        0.0
   1964.000     2.1288     91.930   2.907206        0.0
   1964.250     2.1286     91.924   2.907181        0.0
   1964.500     2.1286     91.933   2.907206        0.0
   1964.750     2.1286     91.933   2.907181        0.0
   1965.000     2.1286     91.942   2.907206        0.0
   1965.250     2.1286     91.951   2.907206        0.0
   1965.500     2.1286     91.967   2.907181        0.0
   1965.750     2.1286     91.976   2.907206        0.0
   1966.000     2.1286     91.979   2.907181        0.0
   1966.250     2.1285     91.985   2.907206        0.0
   1966.500     2.1286     91.982   2.907206        0.0
   1966.750     2.1285     91.976   2.907206        0.0
   1967.000     2.1286     91.973   2.907206        0.0
   1967.250     2.1286     91.976   2.907206        0.0
   1967.500     2.1286     91.964   2.907206        0.0
   1967.750     2.1286     91.958   2.907206        0.0
   1968.000     2.1287     91.948   2.907224        0.0
   1968.250     2.1289     91.951   2.907248        0.0
   1968.500     2.1290     91.945   2.907267        0.0
   1968.750     2.1291     91.945   2.907291        0.0
   1969.000     2.1293     91.955   2.907310        0.0
   1969.250     2.1295     91.958   2.907353        0.0
   1969.500     2.1298     91.949   2.907353        0.0
   1969.750     2.1300     91.952   2.907353        0.0
   1970.000     2.1300     91.967   2.907334        0.0
   1970.250     2.1301     91.970   2.907267        0.0
   1970.500     2.1297     91.964   2.907248        0.0
   1970.750     2.1297     91.964   2.907353        0.0
   1971.000     2.1300     91.970   2.907420        0.0
   1971.250     2.1304     91.970   2.907444        0.0
   1971.500     2.1307     91.967   2.907463        0.0
   1971.750     2.1310     91.964   2.906079        0.0
   1972.000     2.1313     91.955   2.907463        0.0
   1972.250     2.1314     91.952   2.907487        0.0
   1972.500     2.1316     91.955   2.907487        0.0
   1972.750     2.1317     91.943   2.907530        0.0
   1973.000     2.1319     91.937   2.907548        0.0
   1973.250     2.1321     91.934   2.907591        0.0
   1973.500     2.1325     91.924   2.907616        0.0
   1973.750     2.1328     91.915   2.907616        0.0
   1974.000     2.1331     91.903   2.907616        0.0
   1974.250     2.1331     91.906   2.907573        0.0
   1974.500     2.1331     91.909   2.907634        0.0
   1974.750     2.1331     91.903   2.907591        0.0
   1975.000     2.1330     91.912   2.907573        0.0
   1975.250     2.1329     91.921   2.907530        0.0
   1975.500     2.1327     91.934   2.907506        0.0
   1975.750     2.1324     91.924   2.907463        0.0
   1976.000     2.1321     91.930   2.907573        0.0
   1976.250     2.1322     91.927   2.907573        0.0
   1976.500     2.1324     91.934   2.907548        0.0
   1976.750     2.1325     91.937   2.907548        0.0
   1977.000     2.1324     91.946   2.907530        0.0
   1977.250     2.1324     91.940   2.907548        0.0
   1977.500     2.1324     91.943   2.907548        0.0
   1977.750     2.1325     91.940   2.907530        0.0
   1978.000     2.1323     91.937   2.907506        0.0
   1978.250     2.1321     91.943   2.907463        0.0
   1978.500     2.1319     91.940   2.907463        0.0
   1978.750     2.1317     91.931   2.907444        0.0
   1979.000     2.1316     91.934   2.907444        0.0
   1979.250     2.1314     91.934   2.907487        0.0
   1979.500     2.1315     91.928   2.907463        0.0
   1979.750     2.1315     91.912   2.907487        0.0
   1980.000     2.1316     91.903   2.907487        0.0
   1980.250     2.1315     91.906   2.907463        0.0
   1980.500     2.1315     91.897   2.907463        0.0
   1980.750     2.1315     91.882   2.907444        0.0
   1981.000     2.1315     91.876   2.907463        0.0
   1981.250     2.1313     91.872   2.907487        0.0
   1981.500     2.1314     91.879   2.907487        0.0
   1981.750     2.1314     91.882   2.907444        0.0
   1982.000     2.1316     91.875   2.907506        0.0
   1982.250     2.1317     91.894   2.895163        0.0
   1982.500     2.1319     91.903   2.907463        0.0
   1982.750     2.1319     91.918   2.907506        0.0
   1983.000     2.1319     91.930   2.907487        0.0
   1983.250     2.1320     91.930   2.907530        0.0
   1983.500     2.1319     91.946   2.907506        0.0
   1983.750     2.1320     91.949   2.907530        0.0
   1984.000     2.1320     91.955   2.907548        0.0
   1984.250     2.1321     91.955   2.907506        0.0
   1984.500     2.1321     91.964   2.907548        0.0
   1984.750     2.1321     91.964   2.907548        0.0
   1985.000     2.1322     91.973   2.907530        0.0
   1985.250     2.1321     91.967   2.907548        0.0
   1985.500     2.1320     91.970   2.907530        0.0
   1985.750     2.1322     91.967   2.907530        0.0
   1986.000     2.1322     91.961   2.907548        0.0
   1986.250     2.1322     91.958   2.907530        0.0
   1986.500     2.1322     91.952   2.907530        0.0
   1986.750     2.1322     91.949   2.907548        0.0
   1987.000     2.1322     91.949   2.907548        0.0
   1987.250     2.1322     91.934   2.907530        0.0
   1987.500     2.1322     91.931   2.907548        0.0
   1987.750     2.1324     91.925   2.907530        0.0
   1988.000     2.1322     91.922   2.907530        0.0
   1988.250     2.1321     91.912   2.907548        0.0
   1988.500     2.1323     91.918   2.907548        0.0
   1988.750     2.1322     91.918   2.907444        0.0
   1989.000     2.1322     91.924   2.907506        0.0
   1989.250     2.1322     91.918   2.907487        0.0
   1989.500     2.1320     91.934   2.907377        0.0
   1989.750     2.1319     91.934   2.907420        0.0
   1990.000     2.1317     91.927   2.907395        0.0
   1990.250     2.1314     91.930   2.907420        0.0
   1990.500     2.1311     91.940   2.907420        0.0
   1990.750     2.1310     91.934   2.907420        0.0
   1991.000     2.1308     91.940   2.907420        0.0
   1991.250     2.1310     91.930   2.907395        0.0
   1991.500     2.1310     91.933   2.907444        0.0
   1991.750     2.1310     91.927   2.907463        0.0
   1992.000     2.1310     91.927   2.907444        0.0
   1992.250     2.1312     91.928   2.907444        0.0
   1992.500     2.1311     91.918   2.907395        0.0
   1992.750     2.1309     91.925   2.907353        0.0
   1993.000     2.1308     91.934   2.907353        0.0
   1993.250     2.1307     91.934   2.907377        0.0
   1993.500     2.1305     91.931   2.907377        0.0
   1993.750     2.1306     91.940   2.907377        0.0
   1994.000     2.1306     91.940   2.907377        0.0
   1994.250     2.1306     91.934   2.907377        0.0
   1994.500     2.1305     91.928   2.907395        0.0
   1994.750     2.1305     91.928   2.907353        0.0
   1995.000     2.1305     91.928   2.907353        0.0
   1995.250     2.1305     91.903   2.907377        0.0
   1995.500     2.1305     91.894   2.907395        0.0
   1995.750     2.1305     91.888   2.907377        0.0
   1996.000     2.1304     91.879   2.906814        0.0
   1996.250     2.1305     91.876   2.906856        0.0
   1996.500     2.1306     91.882   2.907334        0.0
   1996.750     2.1305     91.888   2.907377        0.0
   1997.000     2.1304     91.891   2.907377        0.0
   1997.250     2.1303     91.891   2.907353        0.0
   1997.500     2.1304     91.891   2.907377        0.0
   1997.750     2.1304     91.904   2.907353        0.0
   1998.000     2.1304     91.922   2.907395        0.0
   1998.250     2.1305     91.922   2.907395        0.0
   1998.500     2.1305     91.922   2.907395        0.0
   1998.750     2.1306     91.925   2.907334        0.0
   1999.000     2.1307     91.925   2.907395        0.0
   1999.250     2.1307     91.928   2.907395        0.0
   1999.500     2.1307     91.934   2.907420        0.0
   1999.750     2.1307     91.946   2.907420        0.0
